x,y,heading,length,width,agent_name,agent_id,agent_type,frame,mode_k
1251.8344,940.79193,-0.70919126,4.084000110626221,1.7300000190734863,ego,0,1,58,0
1251.8344,940.79193,-0.70919126,4.084000110626221,1.7300000190734863,ego,0,1,58,1
1251.8344,940.79193,-0.70919126,4.084000110626221,1.7300000190734863,ego,0,1,58,2
1251.8344,940.79193,-0.70919126,4.084000110626221,1.7300000190734863,ego,0,1,58,3
1251.8344,940.79193,-0.70919126,4.084000110626221,1.7300000190734863,ego,0,1,58,4
1262.396,936.66895,2.4294634,4.510000228881836,2.0290000438690186,57090b9ddc3347aebced47c510296c4f,1,1,58,0
1262.396,936.66895,2.4294634,4.510000228881836,2.0290000438690186,57090b9ddc3347aebced47c510296c4f,1,1,58,1
1262.396,936.66895,2.4294634,4.510000228881836,2.0290000438690186,57090b9ddc3347aebced47c510296c4f,1,1,58,2
1262.396,936.66895,2.4294634,4.510000228881836,2.0290000438690186,57090b9ddc3347aebced47c510296c4f,1,1,58,3
1262.396,936.66895,2.4294634,4.510000228881836,2.0290000438690186,57090b9ddc3347aebced47c510296c4f,1,1,58,4
1262.6531,931.06995,-0.77633184,4.688000202178955,3.446000099182129,9927248e4c9f4804b9de3df200757285,2,1,58,0
1262.6531,931.06995,-0.77633184,4.688000202178955,3.446000099182129,9927248e4c9f4804b9de3df200757285,2,1,58,1
1262.6531,931.06995,-0.77633184,4.688000202178955,3.446000099182129,9927248e4c9f4804b9de3df200757285,2,1,58,2
1262.6531,931.06995,-0.77633184,4.688000202178955,3.446000099182129,9927248e4c9f4804b9de3df200757285,2,1,58,3
1262.6531,931.06995,-0.77633184,4.688000202178955,3.446000099182129,9927248e4c9f4804b9de3df200757285,2,1,58,4
1268.334,936.4329,2.4075944,10.26099967956543,3.197999954223633,50a0c3f07a7c4484877d1f74954f9b0d,3,1,58,0
1268.334,936.4329,2.4075944,10.26099967956543,3.197999954223633,50a0c3f07a7c4484877d1f74954f9b0d,3,1,58,1
1268.334,936.4329,2.4075944,10.26099967956543,3.197999954223633,50a0c3f07a7c4484877d1f74954f9b0d,3,1,58,2
1268.334,936.4329,2.4075944,10.26099967956543,3.197999954223633,50a0c3f07a7c4484877d1f74954f9b0d,3,1,58,3
1268.334,936.4329,2.4075944,10.26099967956543,3.197999954223633,50a0c3f07a7c4484877d1f74954f9b0d,3,1,58,4
1264.037,922.25195,-2.011719,5.757999897003174,2.1419999599456787,41c466dc7b324a2d996337dbc895a027,4,1,58,0
1264.037,922.25195,-2.011719,5.757999897003174,2.1419999599456787,41c466dc7b324a2d996337dbc895a027,4,1,58,1
1264.037,922.25195,-2.011719,5.757999897003174,2.1419999599456787,41c466dc7b324a2d996337dbc895a027,4,1,58,2
1264.037,922.25195,-2.011719,5.757999897003174,2.1419999599456787,41c466dc7b324a2d996337dbc895a027,4,1,58,3
1264.037,922.25195,-2.011719,5.757999897003174,2.1419999599456787,41c466dc7b324a2d996337dbc895a027,4,1,58,4
1231.911,955.07794,-3.7015336,0.925000011920929,0.6399999856948853,dcad23ef9c364e39b6c30958b428256b,5,2,58,0
1231.911,955.07794,-3.7015336,0.925000011920929,0.6399999856948853,dcad23ef9c364e39b6c30958b428256b,5,2,58,1
1231.911,955.07794,-3.7015336,0.925000011920929,0.6399999856948853,dcad23ef9c364e39b6c30958b428256b,5,2,58,2
1231.911,955.07794,-3.7015336,0.925000011920929,0.6399999856948853,dcad23ef9c364e39b6c30958b428256b,5,2,58,3
1231.911,955.07794,-3.7015336,0.925000011920929,0.6399999856948853,dcad23ef9c364e39b6c30958b428256b,5,2,58,4
1264.1481,916.31793,0.89575535,5.248000144958496,2.046999931335449,70e09fa56b754da78d27153146a3cf16,6,1,58,0
1264.1481,916.31793,0.89575535,5.248000144958496,2.046999931335449,70e09fa56b754da78d27153146a3cf16,6,1,58,1
1264.1481,916.31793,0.89575535,5.248000144958496,2.046999931335449,70e09fa56b754da78d27153146a3cf16,6,1,58,2
1264.1481,916.31793,0.89575535,5.248000144958496,2.046999931335449,70e09fa56b754da78d27153146a3cf16,6,1,58,3
1264.1481,916.31793,0.89575535,5.248000144958496,2.046999931335449,70e09fa56b754da78d27153146a3cf16,6,1,58,4
1230.113,914.30896,-0.76318014,4.502999782562256,2.0290000438690186,e014eadcd2c74dc08aeb7e7028d20160,7,1,58,0
1230.113,914.30896,-0.76318014,4.502999782562256,2.0290000438690186,e014eadcd2c74dc08aeb7e7028d20160,7,1,58,1
1230.113,914.30896,-0.76318014,4.502999782562256,2.0290000438690186,e014eadcd2c74dc08aeb7e7028d20160,7,1,58,2
1230.113,914.30896,-0.76318014,4.502999782562256,2.0290000438690186,e014eadcd2c74dc08aeb7e7028d20160,7,1,58,3
1230.113,914.30896,-0.76318014,4.502999782562256,2.0290000438690186,e014eadcd2c74dc08aeb7e7028d20160,7,1,58,4
1233.104,970.51196,1.8709579,5.025000095367432,2.0490000247955322,bc1f4cd8ec9f4d96bf44a23c9fce868b,8,1,58,0
1233.104,970.51196,1.8709579,5.025000095367432,2.0490000247955322,bc1f4cd8ec9f4d96bf44a23c9fce868b,8,1,58,1
1233.104,970.51196,1.8709579,5.025000095367432,2.0490000247955322,bc1f4cd8ec9f4d96bf44a23c9fce868b,8,1,58,2
1233.104,970.51196,1.8709579,5.025000095367432,2.0490000247955322,bc1f4cd8ec9f4d96bf44a23c9fce868b,8,1,58,3
1233.104,970.51196,1.8709579,5.025000095367432,2.0490000247955322,bc1f4cd8ec9f4d96bf44a23c9fce868b,8,1,58,4
1238.349,906.082,-0.7362322,4.863999843597412,2.2070000171661377,b5a6c1a4d2d041b396dec466a77cd57c,9,1,58,0
1238.349,906.082,-0.7362322,4.863999843597412,2.2070000171661377,b5a6c1a4d2d041b396dec466a77cd57c,9,1,58,1
1238.349,906.082,-0.7362322,4.863999843597412,2.2070000171661377,b5a6c1a4d2d041b396dec466a77cd57c,9,1,58,2
1238.349,906.082,-0.7362322,4.863999843597412,2.2070000171661377,b5a6c1a4d2d041b396dec466a77cd57c,9,1,58,3
1238.349,906.082,-0.7362322,4.863999843597412,2.2070000171661377,b5a6c1a4d2d041b396dec466a77cd57c,9,1,58,4
1252.5364,940.1779,-0.7279349,4.084000110626221,1.7300000190734863,ego,0,1,59,0
1252.5364,940.1779,-0.7279349,4.084000110626221,1.7300000190734863,ego,0,1,59,1
1252.5364,940.1779,-0.7279349,4.084000110626221,1.7300000190734863,ego,0,1,59,2
1252.5364,940.1779,-0.7279349,4.084000110626221,1.7300000190734863,ego,0,1,59,3
1252.5364,940.1779,-0.7279349,4.084000110626221,1.7300000190734863,ego,0,1,59,4
1260.5763,938.2698,2.4107199,4.510000228881836,2.0290000438690186,57090b9ddc3347aebced47c510296c4f,1,1,59,0
1260.5763,938.2698,2.4107199,4.510000228881836,2.0290000438690186,57090b9ddc3347aebced47c510296c4f,1,1,59,1
1260.5763,938.2698,2.4107199,4.510000228881836,2.0290000438690186,57090b9ddc3347aebced47c510296c4f,1,1,59,2
1260.5763,938.2698,2.4107199,4.510000228881836,2.0290000438690186,57090b9ddc3347aebced47c510296c4f,1,1,59,3
1260.5763,938.2698,2.4107199,4.510000228881836,2.0290000438690186,57090b9ddc3347aebced47c510296c4f,1,1,59,4
1263.0139,930.7088,-0.7950754,4.688000202178955,3.446000099182129,9927248e4c9f4804b9de3df200757285,2,1,59,0
1263.0139,930.7088,-0.7950754,4.688000202178955,3.446000099182129,9927248e4c9f4804b9de3df200757285,2,1,59,1
1263.0139,930.7088,-0.7950754,4.688000202178955,3.446000099182129,9927248e4c9f4804b9de3df200757285,2,1,59,2
1263.0139,930.7088,-0.7950754,4.688000202178955,3.446000099182129,9927248e4c9f4804b9de3df200757285,2,1,59,3
1263.0139,930.7088,-0.7950754,4.688000202178955,3.446000099182129,9927248e4c9f4804b9de3df200757285,2,1,59,4
1268.335,936.43207,2.388851,10.26099967956543,3.197999954223633,50a0c3f07a7c4484877d1f74954f9b0d,3,1,59,0
1268.335,936.43207,2.388851,10.26099967956543,3.197999954223633,50a0c3f07a7c4484877d1f74954f9b0d,3,1,59,1
1268.335,936.43207,2.388851,10.26099967956543,3.197999954223633,50a0c3f07a7c4484877d1f74954f9b0d,3,1,59,2
1268.335,936.43207,2.388851,10.26099967956543,3.197999954223633,50a0c3f07a7c4484877d1f74954f9b0d,3,1,59,3
1268.335,936.43207,2.388851,10.26099967956543,3.197999954223633,50a0c3f07a7c4484877d1f74954f9b0d,3,1,59,4
1264.0209,922.21844,-2.0304625,5.757999897003174,2.1419999599456787,41c466dc7b324a2d996337dbc895a027,4,1,59,0
1264.0209,922.21844,-2.0304625,5.757999897003174,2.1419999599456787,41c466dc7b324a2d996337dbc895a027,4,1,59,1
1264.0209,922.21844,-2.0304625,5.757999897003174,2.1419999599456787,41c466dc7b324a2d996337dbc895a027,4,1,59,2
1264.0209,922.21844,-2.0304625,5.757999897003174,2.1419999599456787,41c466dc7b324a2d996337dbc895a027,4,1,59,3
1264.0209,922.21844,-2.0304625,5.757999897003174,2.1419999599456787,41c466dc7b324a2d996337dbc895a027,4,1,59,4
1231.6583,955.2388,-3.715284,0.925000011920929,0.6399999856948853,dcad23ef9c364e39b6c30958b428256b,5,2,59,0
1231.6583,955.2388,-3.715284,0.925000011920929,0.6399999856948853,dcad23ef9c364e39b6c30958b428256b,5,2,59,1
1231.6583,955.2388,-3.715284,0.925000011920929,0.6399999856948853,dcad23ef9c364e39b6c30958b428256b,5,2,59,2
1231.6583,955.2388,-3.715284,0.925000011920929,0.6399999856948853,dcad23ef9c364e39b6c30958b428256b,5,2,59,3
1231.6583,955.2388,-3.715284,0.925000011920929,0.6399999856948853,dcad23ef9c364e39b6c30958b428256b,5,2,59,4
1264.1254,916.2902,0.8770117,5.248000144958496,2.046999931335449,70e09fa56b754da78d27153146a3cf16,6,1,59,0
1264.1254,916.2902,0.8770117,5.248000144958496,2.046999931335449,70e09fa56b754da78d27153146a3cf16,6,1,59,1
1264.1254,916.2902,0.8770117,5.248000144958496,2.046999931335449,70e09fa56b754da78d27153146a3cf16,6,1,59,2
1264.1254,916.2902,0.8770117,5.248000144958496,2.046999931335449,70e09fa56b754da78d27153146a3cf16,6,1,59,3
1264.1254,916.2902,0.8770117,5.248000144958496,2.046999931335449,70e09fa56b754da78d27153146a3cf16,6,1,59,4
1230.112,914.30994,-0.7819237,4.502999782562256,2.0290000438690186,e014eadcd2c74dc08aeb7e7028d20160,7,1,59,0
1230.112,914.30994,-0.7819237,4.502999782562256,2.0290000438690186,e014eadcd2c74dc08aeb7e7028d20160,7,1,59,1
1230.112,914.30994,-0.7819237,4.502999782562256,2.0290000438690186,e014eadcd2c74dc08aeb7e7028d20160,7,1,59,2
1230.112,914.30994,-0.7819237,4.502999782562256,2.0290000438690186,e014eadcd2c74dc08aeb7e7028d20160,7,1,59,3
1230.112,914.30994,-0.7819237,4.502999782562256,2.0290000438690186,e014eadcd2c74dc08aeb7e7028d20160,7,1,59,4
1232.7991,971.53094,1.8522143,5.025000095367432,2.0490000247955322,bc1f4cd8ec9f4d96bf44a23c9fce868b,8,1,59,0
1232.7991,971.53094,1.8522143,5.025000095367432,2.0490000247955322,bc1f4cd8ec9f4d96bf44a23c9fce868b,8,1,59,1
1232.7991,971.53094,1.8522143,5.025000095367432,2.0490000247955322,bc1f4cd8ec9f4d96bf44a23c9fce868b,8,1,59,2
1232.7991,971.53094,1.8522143,5.025000095367432,2.0490000247955322,bc1f4cd8ec9f4d96bf44a23c9fce868b,8,1,59,3
1232.7991,971.53094,1.8522143,5.025000095367432,2.0490000247955322,bc1f4cd8ec9f4d96bf44a23c9fce868b,8,1,59,4
1238.348,906.0829,-0.75497586,4.863999843597412,2.2070000171661377,b5a6c1a4d2d041b396dec466a77cd57c,9,1,59,0
1238.348,906.0829,-0.75497586,4.863999843597412,2.2070000171661377,b5a6c1a4d2d041b396dec466a77cd57c,9,1,59,1
1238.348,906.0829,-0.75497586,4.863999843597412,2.2070000171661377,b5a6c1a4d2d041b396dec466a77cd57c,9,1,59,2
1238.348,906.0829,-0.75497586,4.863999843597412,2.2070000171661377,b5a6c1a4d2d041b396dec466a77cd57c,9,1,59,3
1238.348,906.0829,-0.75497586,4.863999843597412,2.2070000171661377,b5a6c1a4d2d041b396dec466a77cd57c,9,1,59,4
1253.2249,939.55273,-0.74667853,4.084000110626221,1.7300000190734863,ego,0,1,60,0
1253.2249,939.55273,-0.74667853,4.084000110626221,1.7300000190734863,ego,0,1,60,1
1253.2249,939.55273,-0.74667853,4.084000110626221,1.7300000190734863,ego,0,1,60,2
1253.2249,939.55273,-0.74667853,4.084000110626221,1.7300000190734863,ego,0,1,60,3
1253.2249,939.55273,-0.74667853,4.084000110626221,1.7300000190734863,ego,0,1,60,4
1258.789,939.90265,2.3919764,4.510000228881836,2.0290000438690186,57090b9ddc3347aebced47c510296c4f,1,1,60,0
1258.789,939.90265,2.3919764,4.510000228881836,2.0290000438690186,57090b9ddc3347aebced47c510296c4f,1,1,60,1
1258.789,939.90265,2.3919764,4.510000228881836,2.0290000438690186,57090b9ddc3347aebced47c510296c4f,1,1,60,2
1258.789,939.90265,2.3919764,4.510000228881836,2.0290000438690186,57090b9ddc3347aebced47c510296c4f,1,1,60,3
1258.789,939.90265,2.3919764,4.510000228881836,2.0290000438690186,57090b9ddc3347aebced47c510296c4f,1,1,60,4
1263.3662,930.3429,-0.81381905,4.688000202178955,3.446000099182129,9927248e4c9f4804b9de3df200757285,2,1,60,0
1263.3662,930.3429,-0.81381905,4.688000202178955,3.446000099182129,9927248e4c9f4804b9de3df200757285,2,1,60,1
1263.3662,930.3429,-0.81381905,4.688000202178955,3.446000099182129,9927248e4c9f4804b9de3df200757285,2,1,60,2
1263.3662,930.3429,-0.81381905,4.688000202178955,3.446000099182129,9927248e4c9f4804b9de3df200757285,2,1,60,3
1263.3662,930.3429,-0.81381905,4.688000202178955,3.446000099182129,9927248e4c9f4804b9de3df200757285,2,1,60,4
1268.3379,936.4293,2.3701074,10.26099967956543,3.197999954223633,50a0c3f07a7c4484877d1f74954f9b0d,3,1,60,0
1268.3379,936.4293,2.3701074,10.26099967956543,3.197999954223633,50a0c3f07a7c4484877d1f74954f9b0d,3,1,60,1
1268.3379,936.4293,2.3701074,10.26099967956543,3.197999954223633,50a0c3f07a7c4484877d1f74954f9b0d,3,1,60,2
1268.3379,936.4293,2.3701074,10.26099967956543,3.197999954223633,50a0c3f07a7c4484877d1f74954f9b0d,3,1,60,3
1268.3379,936.4293,2.3701074,10.26099967956543,3.197999954223633,50a0c3f07a7c4484877d1f74954f9b0d,3,1,60,4
1264.0052,922.1877,-2.0492063,5.757999897003174,2.1419999599456787,41c466dc7b324a2d996337dbc895a027,4,1,60,0
1264.0052,922.1877,-2.0492063,5.757999897003174,2.1419999599456787,41c466dc7b324a2d996337dbc895a027,4,1,60,1
1264.0052,922.1877,-2.0492063,5.757999897003174,2.1419999599456787,41c466dc7b324a2d996337dbc895a027,4,1,60,2
1264.0052,922.1877,-2.0492063,5.757999897003174,2.1419999599456787,41c466dc7b324a2d996337dbc895a027,4,1,60,3
1264.0052,922.1877,-2.0492063,5.757999897003174,2.1419999599456787,41c466dc7b324a2d996337dbc895a027,4,1,60,4
1231.4047,955.4052,-3.7290347,0.925000011920929,0.6399999856948853,dcad23ef9c364e39b6c30958b428256b,5,2,60,0
1231.4047,955.4052,-3.7290347,0.925000011920929,0.6399999856948853,dcad23ef9c364e39b6c30958b428256b,5,2,60,1
1231.4047,955.4052,-3.7290347,0.925000011920929,0.6399999856948853,dcad23ef9c364e39b6c30958b428256b,5,2,60,2
1231.4047,955.4052,-3.7290347,0.925000011920929,0.6399999856948853,dcad23ef9c364e39b6c30958b428256b,5,2,60,3
1231.4047,955.4052,-3.7290347,0.925000011920929,0.6399999856948853,dcad23ef9c364e39b6c30958b428256b,5,2,60,4
1264.1006,916.26086,0.8582681,5.248000144958496,2.046999931335449,70e09fa56b754da78d27153146a3cf16,6,1,60,0
1264.1006,916.26086,0.8582681,5.248000144958496,2.046999931335449,70e09fa56b754da78d27153146a3cf16,6,1,60,1
1264.1006,916.26086,0.8582681,5.248000144958496,2.046999931335449,70e09fa56b754da78d27153146a3cf16,6,1,60,2
1264.1006,916.26086,0.8582681,5.248000144958496,2.046999931335449,70e09fa56b754da78d27153146a3cf16,6,1,60,3
1264.1006,916.26086,0.8582681,5.248000144958496,2.046999931335449,70e09fa56b754da78d27153146a3cf16,6,1,60,4
1230.1091,914.31287,-0.80066735,4.502999782562256,2.0290000438690186,e014eadcd2c74dc08aeb7e7028d20160,7,1,60,0
1230.1091,914.31287,-0.80066735,4.502999782562256,2.0290000438690186,e014eadcd2c74dc08aeb7e7028d20160,7,1,60,1
1230.1091,914.31287,-0.80066735,4.502999782562256,2.0290000438690186,e014eadcd2c74dc08aeb7e7028d20160,7,1,60,2
1230.1091,914.31287,-0.80066735,4.502999782562256,2.0290000438690186,e014eadcd2c74dc08aeb7e7028d20160,7,1,60,3
1230.1091,914.31287,-0.80066735,4.502999782562256,2.0290000438690186,e014eadcd2c74dc08aeb7e7028d20160,7,1,60,4
1232.514,972.5528,1.8334708,5.025000095367432,2.0490000247955322,bc1f4cd8ec9f4d96bf44a23c9fce868b,8,1,60,0
1232.514,972.5528,1.8334708,5.025000095367432,2.0490000247955322,bc1f4cd8ec9f4d96bf44a23c9fce868b,8,1,60,1
1232.514,972.5528,1.8334708,5.025000095367432,2.0490000247955322,bc1f4cd8ec9f4d96bf44a23c9fce868b,8,1,60,2
1232.514,972.5528,1.8334708,5.025000095367432,2.0490000247955322,bc1f4cd8ec9f4d96bf44a23c9fce868b,8,1,60,3
1232.514,972.5528,1.8334708,5.025000095367432,2.0490000247955322,bc1f4cd8ec9f4d96bf44a23c9fce868b,8,1,60,4
1238.3451,906.08575,-0.7737195,4.863999843597412,2.2070000171661377,b5a6c1a4d2d041b396dec466a77cd57c,9,1,60,0
1238.3451,906.08575,-0.7737195,4.863999843597412,2.2070000171661377,b5a6c1a4d2d041b396dec466a77cd57c,9,1,60,1
1238.3451,906.08575,-0.7737195,4.863999843597412,2.2070000171661377,b5a6c1a4d2d041b396dec466a77cd57c,9,1,60,2
1238.3451,906.08575,-0.7737195,4.863999843597412,2.2070000171661377,b5a6c1a4d2d041b396dec466a77cd57c,9,1,60,3
1238.3451,906.08575,-0.7737195,4.863999843597412,2.2070000171661377,b5a6c1a4d2d041b396dec466a77cd57c,9,1,60,4
1253.8994,938.9166,-0.7654221,4.084000110626221,1.7300000190734863,ego,0,1,61,0
1253.8994,938.9166,-0.7654221,4.084000110626221,1.7300000190734863,ego,0,1,61,1
1253.8994,938.9166,-0.7654221,4.084000110626221,1.7300000190734863,ego,0,1,61,2
1253.8994,938.9166,-0.7654221,4.084000110626221,1.7300000190734863,ego,0,1,61,3
1253.8994,938.9166,-0.7654221,4.084000110626221,1.7300000190734863,ego,0,1,61,4
1257.0345,941.5668,2.3732328,4.510000228881836,2.0290000438690186,57090b9ddc3347aebced47c510296c4f,1,1,61,0
1257.0345,941.5668,2.3732328,4.510000228881836,2.0290000438690186,57090b9ddc3347aebced47c510296c4f,1,1,61,1
1257.0345,941.5668,2.3732328,4.510000228881836,2.0290000438690186,57090b9ddc3347aebced47c510296c4f,1,1,61,2
1257.0345,941.5668,2.3732328,4.510000228881836,2.0290000438690186,57090b9ddc3347aebced47c510296c4f,1,1,61,3
1257.0345,941.5668,2.3732328,4.510000228881836,2.0290000438690186,57090b9ddc3347aebced47c510296c4f,1,1,61,4
1263.7096,929.9725,-0.8325627,4.688000202178955,3.446000099182129,9927248e4c9f4804b9de3df200757285,2,1,61,0
1263.7096,929.9725,-0.8325627,4.688000202178955,3.446000099182129,9927248e4c9f4804b9de3df200757285,2,1,61,1
1263.7096,929.9725,-0.8325627,4.688000202178955,3.446000099182129,9927248e4c9f4804b9de3df200757285,2,1,61,2
1263.7096,929.9725,-0.8325627,4.688000202178955,3.446000099182129,9927248e4c9f4804b9de3df200757285,2,1,61,3
1263.7096,929.9725,-0.8325627,4.688000202178955,3.446000099182129,9927248e4c9f4804b9de3df200757285,2,1,61,4
1268.3427,936.42456,2.351364,10.26099967956543,3.197999954223633,50a0c3f07a7c4484877d1f74954f9b0d,3,1,61,0
1268.3427,936.42456,2.351364,10.26099967956543,3.197999954223633,50a0c3f07a7c4484877d1f74954f9b0d,3,1,61,1
1268.3427,936.42456,2.351364,10.26099967956543,3.197999954223633,50a0c3f07a7c4484877d1f74954f9b0d,3,1,61,2
1268.3427,936.42456,2.351364,10.26099967956543,3.197999954223633,50a0c3f07a7c4484877d1f74954f9b0d,3,1,61,3
1268.3427,936.42456,2.351364,10.26099967956543,3.197999954223633,50a0c3f07a7c4484877d1f74954f9b0d,3,1,61,4
1263.9904,922.15967,-2.0679498,5.757999897003174,2.1419999599456787,41c466dc7b324a2d996337dbc895a027,4,1,61,0
1263.9904,922.15967,-2.0679498,5.757999897003174,2.1419999599456787,41c466dc7b324a2d996337dbc895a027,4,1,61,1
1263.9904,922.15967,-2.0679498,5.757999897003174,2.1419999599456787,41c466dc7b324a2d996337dbc895a027,4,1,61,2
1263.9904,922.15967,-2.0679498,5.757999897003174,2.1419999599456787,41c466dc7b324a2d996337dbc895a027,4,1,61,3
1263.9904,922.15967,-2.0679498,5.757999897003174,2.1419999599456787,41c466dc7b324a2d996337dbc895a027,4,1,61,4
1231.1501,955.5772,-3.7427852,0.925000011920929,0.6399999856948853,dcad23ef9c364e39b6c30958b428256b,5,2,61,0
1231.1501,955.5772,-3.7427852,0.925000011920929,0.6399999856948853,dcad23ef9c364e39b6c30958b428256b,5,2,61,1
1231.1501,955.5772,-3.7427852,0.925000011920929,0.6399999856948853,dcad23ef9c364e39b6c30958b428256b,5,2,61,2
1231.1501,955.5772,-3.7427852,0.925000011920929,0.6399999856948853,dcad23ef9c364e39b6c30958b428256b,5,2,61,3
1231.1501,955.5772,-3.7427852,0.925000011920929,0.6399999856948853,dcad23ef9c364e39b6c30958b428256b,5,2,61,4
1264.0732,916.2299,0.83952445,5.248000144958496,2.046999931335449,70e09fa56b754da78d27153146a3cf16,6,1,61,0
1264.0732,916.2299,0.83952445,5.248000144958496,2.046999931335449,70e09fa56b754da78d27153146a3cf16,6,1,61,1
1264.0732,916.2299,0.83952445,5.248000144958496,2.046999931335449,70e09fa56b754da78d27153146a3cf16,6,1,61,2
1264.0732,916.2299,0.83952445,5.248000144958496,2.046999931335449,70e09fa56b754da78d27153146a3cf16,6,1,61,3
1264.0732,916.2299,0.83952445,5.248000144958496,2.046999931335449,70e09fa56b754da78d27153146a3cf16,6,1,61,4
1230.1044,914.3178,-0.819411,4.502999782562256,2.0290000438690186,e014eadcd2c74dc08aeb7e7028d20160,7,1,61,0
1230.1044,914.3178,-0.819411,4.502999782562256,2.0290000438690186,e014eadcd2c74dc08aeb7e7028d20160,7,1,61,1
1230.1044,914.3178,-0.819411,4.502999782562256,2.0290000438690186,e014eadcd2c74dc08aeb7e7028d20160,7,1,61,2
1230.1044,914.3178,-0.819411,4.502999782562256,2.0290000438690186,e014eadcd2c74dc08aeb7e7028d20160,7,1,61,3
1230.1044,914.3178,-0.819411,4.502999782562256,2.0290000438690186,e014eadcd2c74dc08aeb7e7028d20160,7,1,61,4
1232.2489,973.57715,1.8147273,5.025000095367432,2.0490000247955322,bc1f4cd8ec9f4d96bf44a23c9fce868b,8,1,61,0
1232.2489,973.57715,1.8147273,5.025000095367432,2.0490000247955322,bc1f4cd8ec9f4d96bf44a23c9fce868b,8,1,61,1
1232.2489,973.57715,1.8147273,5.025000095367432,2.0490000247955322,bc1f4cd8ec9f4d96bf44a23c9fce868b,8,1,61,2
1232.2489,973.57715,1.8147273,5.025000095367432,2.0490000247955322,bc1f4cd8ec9f4d96bf44a23c9fce868b,8,1,61,3
1232.2489,973.57715,1.8147273,5.025000095367432,2.0490000247955322,bc1f4cd8ec9f4d96bf44a23c9fce868b,8,1,61,4
1238.3402,906.0906,-0.7924631,4.863999843597412,2.2070000171661377,b5a6c1a4d2d041b396dec466a77cd57c,9,1,61,0
1238.3402,906.0906,-0.7924631,4.863999843597412,2.2070000171661377,b5a6c1a4d2d041b396dec466a77cd57c,9,1,61,1
1238.3402,906.0906,-0.7924631,4.863999843597412,2.2070000171661377,b5a6c1a4d2d041b396dec466a77cd57c,9,1,61,2
1238.3402,906.0906,-0.7924631,4.863999843597412,2.2070000171661377,b5a6c1a4d2d041b396dec466a77cd57c,9,1,61,3
1238.3402,906.0906,-0.7924631,4.863999843597412,2.2070000171661377,b5a6c1a4d2d041b396dec466a77cd57c,9,1,61,4
1254.56,938.2699,-0.78416574,4.084000110626221,1.7300000190734863,ego,0,1,62,0
1254.56,938.2699,-0.78416574,4.084000110626221,1.7300000190734863,ego,0,1,62,1
1254.56,938.2699,-0.78416574,4.084000110626221,1.7300000190734863,ego,0,1,62,2
1254.56,938.2699,-0.78416574,4.084000110626221,1.7300000190734863,ego,0,1,62,3
1254.56,938.2699,-0.78416574,4.084000110626221,1.7300000190734863,ego,0,1,62,4
1255.3135,943.2616,2.3544893,4.510000228881836,2.0290000438690186,57090b9ddc3347aebced47c510296c4f,1,1,62,0
1255.3135,943.2616,2.3544893,4.510000228881836,2.0290000438690186,57090b9ddc3347aebced47c510296c4f,1,1,62,1
1255.3135,943.2616,2.3544893,4.510000228881836,2.0290000438690186,57090b9ddc3347aebced47c510296c4f,1,1,62,2
1255.3135,943.2616,2.3544893,4.510000228881836,2.0290000438690186,57090b9ddc3347aebced47c510296c4f,1,1,62,3
1255.3135,943.2616,2.3544893,4.510000228881836,2.0290000438690186,57090b9ddc3347aebced47c510296c4f,1,1,62,4
1264.0442,929.5978,-0.8513063,4.688000202178955,3.446000099182129,9927248e4c9f4804b9de3df200757285,2,1,62,0
1264.0442,929.5978,-0.8513063,4.688000202178955,3.446000099182129,9927248e4c9f4804b9de3df200757285,2,1,62,1
1264.0442,929.5978,-0.8513063,4.688000202178955,3.446000099182129,9927248e4c9f4804b9de3df200757285,2,1,62,2
1264.0442,929.5978,-0.8513063,4.688000202178955,3.446000099182129,9927248e4c9f4804b9de3df200757285,2,1,62,3
1264.0442,929.5978,-0.8513063,4.688000202178955,3.446000099182129,9927248e4c9f4804b9de3df200757285,2,1,62,4
1268.3494,936.4177,2.3326204,10.26099967956543,3.197999954223633,50a0c3f07a7c4484877d1f74954f9b0d,3,1,62,0
1268.3494,936.4177,2.3326204,10.26099967956543,3.197999954223633,50a0c3f07a7c4484877d1f74954f9b0d,3,1,62,1
1268.3494,936.4177,2.3326204,10.26099967956543,3.197999954223633,50a0c3f07a7c4484877d1f74954f9b0d,3,1,62,2
1268.3494,936.4177,2.3326204,10.26099967956543,3.197999954223633,50a0c3f07a7c4484877d1f74954f9b0d,3,1,62,3
1268.3494,936.4177,2.3326204,10.26099967956543,3.197999954223633,50a0c3f07a7c4484877d1f74954f9b0d,3,1,62,4
1263.9763,922.13434,-2.0866935,5.757999897003174,2.1419999599456787,41c466dc7b324a2d996337dbc895a027,4,1,62,0
1263.9763,922.13434,-2.0866935,5.757999897003174,2.1419999599456787,41c466dc7b324a2d996337dbc895a027,4,1,62,1
1263.9763,922.13434,-2.0866935,5.757999897003174,2.1419999599456787,41c466dc7b324a2d996337dbc895a027,4,1,62,2
1263.9763,922.13434,-2.0866935,5.757999897003174,2.1419999599456787,41c466dc7b324a2d996337dbc895a027,4,1,62,3
1263.9763,922.13434,-2.0866935,5.757999897003174,2.1419999599456787,41c466dc7b324a2d996337dbc895a027,4,1,62,4
1230.8949,955.7549,-3.7565358,0.925000011920929,0.6399999856948853,dcad23ef9c364e39b6c30958b428256b,5,2,62,0
1230.8949,955.7549,-3.7565358,0.925000011920929,0.6399999856948853,dcad23ef9c364e39b6c30958b428256b,5,2,62,1
1230.8949,955.7549,-3.7565358,0.925000011920929,0.6399999856948853,dcad23ef9c364e39b6c30958b428256b,5,2,62,2
1230.8949,955.7549,-3.7565358,0.925000011920929,0.6399999856948853,dcad23ef9c364e39b6c30958b428256b,5,2,62,3
1230.8949,955.7549,-3.7565358,0.925000011920929,0.6399999856948853,dcad23ef9c364e39b6c30958b428256b,5,2,62,4
1264.0436,916.19745,0.8207808,5.248000144958496,2.046999931335449,70e09fa56b754da78d27153146a3cf16,6,1,62,0
1264.0436,916.19745,0.8207808,5.248000144958496,2.046999931335449,70e09fa56b754da78d27153146a3cf16,6,1,62,1
1264.0436,916.19745,0.8207808,5.248000144958496,2.046999931335449,70e09fa56b754da78d27153146a3cf16,6,1,62,2
1264.0436,916.19745,0.8207808,5.248000144958496,2.046999931335449,70e09fa56b754da78d27153146a3cf16,6,1,62,3
1264.0436,916.19745,0.8207808,5.248000144958496,2.046999931335449,70e09fa56b754da78d27153146a3cf16,6,1,62,4
1230.0979,914.3249,-0.8381546,4.502999782562256,2.0290000438690186,e014eadcd2c74dc08aeb7e7028d20160,7,1,62,0
1230.0979,914.3249,-0.8381546,4.502999782562256,2.0290000438690186,e014eadcd2c74dc08aeb7e7028d20160,7,1,62,1
1230.0979,914.3249,-0.8381546,4.502999782562256,2.0290000438690186,e014eadcd2c74dc08aeb7e7028d20160,7,1,62,2
1230.0979,914.3249,-0.8381546,4.502999782562256,2.0290000438690186,e014eadcd2c74dc08aeb7e7028d20160,7,1,62,3
1230.0979,914.3249,-0.8381546,4.502999782562256,2.0290000438690186,e014eadcd2c74dc08aeb7e7028d20160,7,1,62,4
1232.0035,974.60364,1.7959838,5.025000095367432,2.0490000247955322,bc1f4cd8ec9f4d96bf44a23c9fce868b,8,1,62,0
1232.0035,974.60364,1.7959838,5.025000095367432,2.0490000247955322,bc1f4cd8ec9f4d96bf44a23c9fce868b,8,1,62,1
1232.0035,974.60364,1.7959838,5.025000095367432,2.0490000247955322,bc1f4cd8ec9f4d96bf44a23c9fce868b,8,1,62,2
1232.0035,974.60364,1.7959838,5.025000095367432,2.0490000247955322,bc1f4cd8ec9f4d96bf44a23c9fce868b,8,1,62,3
1232.0035,974.60364,1.7959838,5.025000095367432,2.0490000247955322,bc1f4cd8ec9f4d96bf44a23c9fce868b,8,1,62,4
1238.3335,906.0975,-0.8112067,4.863999843597412,2.2070000171661377,b5a6c1a4d2d041b396dec466a77cd57c,9,1,62,0
1238.3335,906.0975,-0.8112067,4.863999843597412,2.2070000171661377,b5a6c1a4d2d041b396dec466a77cd57c,9,1,62,1
1238.3335,906.0975,-0.8112067,4.863999843597412,2.2070000171661377,b5a6c1a4d2d041b396dec466a77cd57c,9,1,62,2
1238.3335,906.0975,-0.8112067,4.863999843597412,2.2070000171661377,b5a6c1a4d2d041b396dec466a77cd57c,9,1,62,3
1238.3335,906.0975,-0.8112067,4.863999843597412,2.2070000171661377,b5a6c1a4d2d041b396dec466a77cd57c,9,1,62,4
1255.2064,937.6129,-0.8029094,4.084000110626221,1.7300000190734863,ego,0,1,63,0
1255.2064,937.6129,-0.8029094,4.084000110626221,1.7300000190734863,ego,0,1,63,1
1255.2064,937.6129,-0.8029094,4.084000110626221,1.7300000190734863,ego,0,1,63,2
1255.2064,937.6129,-0.8029094,4.084000110626221,1.7300000190734863,ego,0,1,63,3
1255.2064,937.6129,-0.8029094,4.084000110626221,1.7300000190734863,ego,0,1,63,4
1253.6265,944.9864,2.3357458,4.510000228881836,2.0290000438690186,57090b9ddc3347aebced47c510296c4f,1,1,63,0
1253.6265,944.9864,2.3357458,4.510000228881836,2.0290000438690186,57090b9ddc3347aebced47c510296c4f,1,1,63,1
1253.6265,944.9864,2.3357458,4.510000228881836,2.0290000438690186,57090b9ddc3347aebced47c510296c4f,1,1,63,2
1253.6265,944.9864,2.3357458,4.510000228881836,2.0290000438690186,57090b9ddc3347aebced47c510296c4f,1,1,63,3
1253.6265,944.9864,2.3357458,4.510000228881836,2.0290000438690186,57090b9ddc3347aebced47c510296c4f,1,1,63,4
1264.3699,929.2189,-0.87004995,4.688000202178955,3.446000099182129,9927248e4c9f4804b9de3df200757285,2,1,63,0
1264.3699,929.2189,-0.87004995,4.688000202178955,3.446000099182129,9927248e4c9f4804b9de3df200757285,2,1,63,1
1264.3699,929.2189,-0.87004995,4.688000202178955,3.446000099182129,9927248e4c9f4804b9de3df200757285,2,1,63,2
1264.3699,929.2189,-0.87004995,4.688000202178955,3.446000099182129,9927248e4c9f4804b9de3df200757285,2,1,63,3
1264.3699,929.2189,-0.87004995,4.688000202178955,3.446000099182129,9927248e4c9f4804b9de3df200757285,2,1,63,4
1268.3577,936.40875,2.3138769,10.26099967956543,3.197999954223633,50a0c3f07a7c4484877d1f74954f9b0d,3,1,63,0
1268.3577,936.40875,2.3138769,10.26099967956543,3.197999954223633,50a0c3f07a7c4484877d1f74954f9b0d,3,1,63,1
1268.3577,936.40875,2.3138769,10.26099967956543,3.197999954223633,50a0c3f07a7c4484877d1f74954f9b0d,3,1,63,2
1268.3577,936.40875,2.3138769,10.26099967956543,3.197999954223633,50a0c3f07a7c4484877d1f74954f9b0d,3,1,63,3
1268.3577,936.40875,2.3138769,10.26099967956543,3.197999954223633,50a0c3f07a7c4484877d1f74954f9b0d,3,1,63,4
1263.9631,922.11163,-2.105437,5.757999897003174,2.1419999599456787,41c466dc7b324a2d996337dbc895a027,4,1,63,0
1263.9631,922.11163,-2.105437,5.757999897003174,2.1419999599456787,41c466dc7b324a2d996337dbc895a027,4,1,63,1
1263.9631,922.11163,-2.105437,5.757999897003174,2.1419999599456787,41c466dc7b324a2d996337dbc895a027,4,1,63,2
1263.9631,922.11163,-2.105437,5.757999897003174,2.1419999599456787,41c466dc7b324a2d996337dbc895a027,4,1,63,3
1263.9631,922.11163,-2.105437,5.757999897003174,2.1419999599456787,41c466dc7b324a2d996337dbc895a027,4,1,63,4
1230.639,955.9383,-3.7702863,0.925000011920929,0.6399999856948853,dcad23ef9c364e39b6c30958b428256b,5,2,63,0
1230.639,955.9383,-3.7702863,0.925000011920929,0.6399999856948853,dcad23ef9c364e39b6c30958b428256b,5,2,63,1
1230.639,955.9383,-3.7702863,0.925000011920929,0.6399999856948853,dcad23ef9c364e39b6c30958b428256b,5,2,63,2
1230.639,955.9383,-3.7702863,0.925000011920929,0.6399999856948853,dcad23ef9c364e39b6c30958b428256b,5,2,63,3
1230.639,955.9383,-3.7702863,0.925000011920929,0.6399999856948853,dcad23ef9c364e39b6c30958b428256b,5,2,63,4
1264.0115,916.1636,0.8020372,5.248000144958496,2.046999931335449,70e09fa56b754da78d27153146a3cf16,6,1,63,0
1264.0115,916.1636,0.8020372,5.248000144958496,2.046999931335449,70e09fa56b754da78d27153146a3cf16,6,1,63,1
1264.0115,916.1636,0.8020372,5.248000144958496,2.046999931335449,70e09fa56b754da78d27153146a3cf16,6,1,63,2
1264.0115,916.1636,0.8020372,5.248000144958496,2.046999931335449,70e09fa56b754da78d27153146a3cf16,6,1,63,3
1264.0115,916.1636,0.8020372,5.248000144958496,2.046999931335449,70e09fa56b754da78d27153146a3cf16,6,1,63,4
1230.0897,914.3341,-0.8568982,4.502999782562256,2.0290000438690186,e014eadcd2c74dc08aeb7e7028d20160,7,1,63,0
1230.0897,914.3341,-0.8568982,4.502999782562256,2.0290000438690186,e014eadcd2c74dc08aeb7e7028d20160,7,1,63,1
1230.0897,914.3341,-0.8568982,4.502999782562256,2.0290000438690186,e014eadcd2c74dc08aeb7e7028d20160,7,1,63,2
1230.0897,914.3341,-0.8568982,4.502999782562256,2.0290000438690186,e014eadcd2c74dc08aeb7e7028d20160,7,1,63,3
1230.0897,914.3341,-0.8568982,4.502999782562256,2.0290000438690186,e014eadcd2c74dc08aeb7e7028d20160,7,1,63,4
1231.7782,975.63184,1.7772403,5.025000095367432,2.0490000247955322,bc1f4cd8ec9f4d96bf44a23c9fce868b,8,1,63,0
1231.7782,975.63184,1.7772403,5.025000095367432,2.0490000247955322,bc1f4cd8ec9f4d96bf44a23c9fce868b,8,1,63,1
1231.7782,975.63184,1.7772403,5.025000095367432,2.0490000247955322,bc1f4cd8ec9f4d96bf44a23c9fce868b,8,1,63,2
1231.7782,975.63184,1.7772403,5.025000095367432,2.0490000247955322,bc1f4cd8ec9f4d96bf44a23c9fce868b,8,1,63,3
1231.7782,975.63184,1.7772403,5.025000095367432,2.0490000247955322,bc1f4cd8ec9f4d96bf44a23c9fce868b,8,1,63,4
1255.8385,936.94586,-0.821653,4.084000110626221,1.7300000190734863,ego,0,1,64,0
1255.8385,936.94586,-0.821653,4.084000110626221,1.7300000190734863,ego,0,1,64,1
1255.8385,936.94586,-0.821653,4.084000110626221,1.7300000190734863,ego,0,1,64,2
1255.8385,936.94586,-0.821653,4.084000110626221,1.7300000190734863,ego,0,1,64,3
1255.8385,936.94586,-0.821653,4.084000110626221,1.7300000190734863,ego,0,1,64,4
1251.974,946.74054,2.3170023,4.510000228881836,2.0290000438690186,57090b9ddc3347aebced47c510296c4f,1,1,64,0
1251.974,946.74054,2.3170023,4.510000228881836,2.0290000438690186,57090b9ddc3347aebced47c510296c4f,1,1,64,1
1251.974,946.74054,2.3170023,4.510000228881836,2.0290000438690186,57090b9ddc3347aebced47c510296c4f,1,1,64,2
1251.974,946.74054,2.3170023,4.510000228881836,2.0290000438690186,57090b9ddc3347aebced47c510296c4f,1,1,64,3
1251.974,946.74054,2.3170023,4.510000228881836,2.0290000438690186,57090b9ddc3347aebced47c510296c4f,1,1,64,4
1264.6868,928.8361,-0.8887935,4.688000202178955,3.446000099182129,9927248e4c9f4804b9de3df200757285,2,1,64,0
1264.6868,928.8361,-0.8887935,4.688000202178955,3.446000099182129,9927248e4c9f4804b9de3df200757285,2,1,64,1
1264.6868,928.8361,-0.8887935,4.688000202178955,3.446000099182129,9927248e4c9f4804b9de3df200757285,2,1,64,2
1264.6868,928.8361,-0.8887935,4.688000202178955,3.446000099182129,9927248e4c9f4804b9de3df200757285,2,1,64,3
1264.6868,928.8361,-0.8887935,4.688000202178955,3.446000099182129,9927248e4c9f4804b9de3df200757285,2,1,64,4
1268.3678,936.39764,2.2951334,10.26099967956543,3.197999954223633,50a0c3f07a7c4484877d1f74954f9b0d,3,1,64,0
1268.3678,936.39764,2.2951334,10.26099967956543,3.197999954223633,50a0c3f07a7c4484877d1f74954f9b0d,3,1,64,1
1268.3678,936.39764,2.2951334,10.26099967956543,3.197999954223633,50a0c3f07a7c4484877d1f74954f9b0d,3,1,64,2
1268.3678,936.39764,2.2951334,10.26099967956543,3.197999954223633,50a0c3f07a7c4484877d1f74954f9b0d,3,1,64,3
1268.3678,936.39764,2.2951334,10.26099967956543,3.197999954223633,50a0c3f07a7c4484877d1f74954f9b0d,3,1,64,4
1263.951,922.0915,-2.1241808,5.757999897003174,2.1419999599456787,41c466dc7b324a2d996337dbc895a027,4,1,64,0
1263.951,922.0915,-2.1241808,5.757999897003174,2.1419999599456787,41c466dc7b324a2d996337dbc895a027,4,1,64,1
1263.951,922.0915,-2.1241808,5.757999897003174,2.1419999599456787,41c466dc7b324a2d996337dbc895a027,4,1,64,2
1263.951,922.0915,-2.1241808,5.757999897003174,2.1419999599456787,41c466dc7b324a2d996337dbc895a027,4,1,64,3
1263.951,922.0915,-2.1241808,5.757999897003174,2.1419999599456787,41c466dc7b324a2d996337dbc895a027,4,1,64,4
1230.3826,956.12744,-3.7840369,0.925000011920929,0.6399999856948853,dcad23ef9c364e39b6c30958b428256b,5,2,64,0
1230.3826,956.12744,-3.7840369,0.925000011920929,0.6399999856948853,dcad23ef9c364e39b6c30958b428256b,5,2,64,1
1230.3826,956.12744,-3.7840369,0.925000011920929,0.6399999856948853,dcad23ef9c364e39b6c30958b428256b,5,2,64,2
1230.3826,956.12744,-3.7840369,0.925000011920929,0.6399999856948853,dcad23ef9c364e39b6c30958b428256b,5,2,64,3
1230.3826,956.12744,-3.7840369,0.925000011920929,0.6399999856948853,dcad23ef9c364e39b6c30958b428256b,5,2,64,4
1263.9767,916.12836,0.78329355,5.248000144958496,2.046999931335449,70e09fa56b754da78d27153146a3cf16,6,1,64,0
1263.9767,916.12836,0.78329355,5.248000144958496,2.046999931335449,70e09fa56b754da78d27153146a3cf16,6,1,64,1
1263.9767,916.12836,0.78329355,5.248000144958496,2.046999931335449,70e09fa56b754da78d27153146a3cf16,6,1,64,2
1263.9767,916.12836,0.78329355,5.248000144958496,2.046999931335449,70e09fa56b754da78d27153146a3cf16,6,1,64,3
1263.9767,916.12836,0.78329355,5.248000144958496,2.046999931335449,70e09fa56b754da78d27153146a3cf16,6,1,64,4
1230.08,914.34564,-0.8756418,4.502999782562256,2.0290000438690186,e014eadcd2c74dc08aeb7e7028d20160,7,1,64,0
1230.08,914.34564,-0.8756418,4.502999782562256,2.0290000438690186,e014eadcd2c74dc08aeb7e7028d20160,7,1,64,1
1230.08,914.34564,-0.8756418,4.502999782562256,2.0290000438690186,e014eadcd2c74dc08aeb7e7028d20160,7,1,64,2
1230.08,914.34564,-0.8756418,4.502999782562256,2.0290000438690186,e014eadcd2c74dc08aeb7e7028d20160,7,1,64,3
1230.08,914.34564,-0.8756418,4.502999782562256,2.0290000438690186,e014eadcd2c74dc08aeb7e7028d20160,7,1,64,4
1231.5726,976.66144,1.7584968,5.025000095367432,2.0490000247955322,bc1f4cd8ec9f4d96bf44a23c9fce868b,8,1,64,0
1231.5726,976.66144,1.7584968,5.025000095367432,2.0490000247955322,bc1f4cd8ec9f4d96bf44a23c9fce868b,8,1,64,1
1231.5726,976.66144,1.7584968,5.025000095367432,2.0490000247955322,bc1f4cd8ec9f4d96bf44a23c9fce868b,8,1,64,2
1231.5726,976.66144,1.7584968,5.025000095367432,2.0490000247955322,bc1f4cd8ec9f4d96bf44a23c9fce868b,8,1,64,3
1231.5726,976.66144,1.7584968,5.025000095367432,2.0490000247955322,bc1f4cd8ec9f4d96bf44a23c9fce868b,8,1,64,4
1256.4562,936.2691,-0.84039664,4.084000110626221,1.7300000190734863,ego,0,1,65,0
1256.4562,936.2691,-0.84039664,4.084000110626221,1.7300000190734863,ego,0,1,65,1
1256.4562,936.2691,-0.84039664,4.084000110626221,1.7300000190734863,ego,0,1,65,2
1256.4562,936.2691,-0.84039664,4.084000110626221,1.7300000190734863,ego,0,1,65,3
1256.4562,936.2691,-0.84039664,4.084000110626221,1.7300000190734863,ego,0,1,65,4
1250.3564,948.5233,2.2982588,4.510000228881836,2.0290000438690186,57090b9ddc3347aebced47c510296c4f,1,1,65,0
1250.3564,948.5233,2.2982588,4.510000228881836,2.0290000438690186,57090b9ddc3347aebced47c510296c4f,1,1,65,1
1250.3564,948.5233,2.2982588,4.510000228881836,2.0290000438690186,57090b9ddc3347aebced47c510296c4f,1,1,65,2
1250.3564,948.5233,2.2982588,4.510000228881836,2.0290000438690186,57090b9ddc3347aebced47c510296c4f,1,1,65,3
1250.3564,948.5233,2.2982588,4.510000228881836,2.0290000438690186,57090b9ddc3347aebced47c510296c4f,1,1,65,4
1264.9946,928.4496,-0.90753716,4.688000202178955,3.446000099182129,9927248e4c9f4804b9de3df200757285,2,1,65,0
1264.9946,928.4496,-0.90753716,4.688000202178955,3.446000099182129,9927248e4c9f4804b9de3df200757285,2,1,65,1
1264.9946,928.4496,-0.90753716,4.688000202178955,3.446000099182129,9927248e4c9f4804b9de3df200757285,2,1,65,2
1264.9946,928.4496,-0.90753716,4.688000202178955,3.446000099182129,9927248e4c9f4804b9de3df200757285,2,1,65,3
1264.9946,928.4496,-0.90753716,4.688000202178955,3.446000099182129,9927248e4c9f4804b9de3df200757285,2,1,65,4
1268.3794,936.3842,2.2763898,10.26099967956543,3.197999954223633,50a0c3f07a7c4484877d1f74954f9b0d,3,1,65,0
1268.3794,936.3842,2.2763898,10.26099967956543,3.197999954223633,50a0c3f07a7c4484877d1f74954f9b0d,3,1,65,1
1268.3794,936.3842,2.2763898,10.26099967956543,3.197999954223633,50a0c3f07a7c4484877d1f74954f9b0d,3,1,65,2
1268.3794,936.3842,2.2763898,10.26099967956543,3.197999954223633,50a0c3f07a7c4484877d1f74954f9b0d,3,1,65,3
1268.3794,936.3842,2.2763898,10.26099967956543,3.197999954223633,50a0c3f07a7c4484877d1f74954f9b0d,3,1,65,4
1263.94,922.074,-2.1429243,5.757999897003174,2.1419999599456787,41c466dc7b324a2d996337dbc895a027,4,1,65,0
1263.94,922.074,-2.1429243,5.757999897003174,2.1419999599456787,41c466dc7b324a2d996337dbc895a027,4,1,65,1
1263.94,922.074,-2.1429243,5.757999897003174,2.1419999599456787,41c466dc7b324a2d996337dbc895a027,4,1,65,2
1263.94,922.074,-2.1429243,5.757999897003174,2.1419999599456787,41c466dc7b324a2d996337dbc895a027,4,1,65,3
1263.94,922.074,-2.1429243,5.757999897003174,2.1419999599456787,41c466dc7b324a2d996337dbc895a027,4,1,65,4
1230.1257,956.32245,-3.7977874,0.925000011920929,0.6399999856948853,dcad23ef9c364e39b6c30958b428256b,5,2,65,0
1230.1257,956.32245,-3.7977874,0.925000011920929,0.6399999856948853,dcad23ef9c364e39b6c30958b428256b,5,2,65,1
1230.1257,956.32245,-3.7977874,0.925000011920929,0.6399999856948853,dcad23ef9c364e39b6c30958b428256b,5,2,65,2
1230.1257,956.32245,-3.7977874,0.925000011920929,0.6399999856948853,dcad23ef9c364e39b6c30958b428256b,5,2,65,3
1230.1257,956.32245,-3.7977874,0.925000011920929,0.6399999856948853,dcad23ef9c364e39b6c30958b428256b,5,2,65,4
1263.9393,916.09186,0.7645499,5.248000144958496,2.046999931335449,70e09fa56b754da78d27153146a3cf16,6,1,65,0
1263.9393,916.09186,0.7645499,5.248000144958496,2.046999931335449,70e09fa56b754da78d27153146a3cf16,6,1,65,1
1263.9393,916.09186,0.7645499,5.248000144958496,2.046999931335449,70e09fa56b754da78d27153146a3cf16,6,1,65,2
1263.9393,916.09186,0.7645499,5.248000144958496,2.046999931335449,70e09fa56b754da78d27153146a3cf16,6,1,65,3
1263.9393,916.09186,0.7645499,5.248000144958496,2.046999931335449,70e09fa56b754da78d27153146a3cf16,6,1,65,4
1230.0687,914.35944,-0.89438546,4.502999782562256,2.0290000438690186,e014eadcd2c74dc08aeb7e7028d20160,7,1,65,0
1230.0687,914.35944,-0.89438546,4.502999782562256,2.0290000438690186,e014eadcd2c74dc08aeb7e7028d20160,7,1,65,1
1230.0687,914.35944,-0.89438546,4.502999782562256,2.0290000438690186,e014eadcd2c74dc08aeb7e7028d20160,7,1,65,2
1230.0687,914.35944,-0.89438546,4.502999782562256,2.0290000438690186,e014eadcd2c74dc08aeb7e7028d20160,7,1,65,3
1230.0687,914.35944,-0.89438546,4.502999782562256,2.0290000438690186,e014eadcd2c74dc08aeb7e7028d20160,7,1,65,4
1257.0592,935.58295,-0.8591402,4.084000110626221,1.7300000190734863,ego,0,1,66,0
1257.0592,935.58295,-0.8591402,4.084000110626221,1.7300000190734863,ego,0,1,66,1
1257.0592,935.58295,-0.8591402,4.084000110626221,1.7300000190734863,ego,0,1,66,2
1257.0592,935.58295,-0.8591402,4.084000110626221,1.7300000190734863,ego,0,1,66,3
1257.0592,935.58295,-0.8591402,4.084000110626221,1.7300000190734863,ego,0,1,66,4
1248.7744,950.334,2.2795153,4.510000228881836,2.0290000438690186,57090b9ddc3347aebced47c510296c4f,1,1,66,0
1248.7744,950.334,2.2795153,4.510000228881836,2.0290000438690186,57090b9ddc3347aebced47c510296c4f,1,1,66,1
1248.7744,950.334,2.2795153,4.510000228881836,2.0290000438690186,57090b9ddc3347aebced47c510296c4f,1,1,66,2
1248.7744,950.334,2.2795153,4.510000228881836,2.0290000438690186,57090b9ddc3347aebced47c510296c4f,1,1,66,3
1248.7744,950.334,2.2795153,4.510000228881836,2.0290000438690186,57090b9ddc3347aebced47c510296c4f,1,1,66,4
1265.2935,928.0596,-0.9262808,4.688000202178955,3.446000099182129,9927248e4c9f4804b9de3df200757285,2,1,66,0
1265.2935,928.0596,-0.9262808,4.688000202178955,3.446000099182129,9927248e4c9f4804b9de3df200757285,2,1,66,1
1265.2935,928.0596,-0.9262808,4.688000202178955,3.446000099182129,9927248e4c9f4804b9de3df200757285,2,1,66,2
1265.2935,928.0596,-0.9262808,4.688000202178955,3.446000099182129,9927248e4c9f4804b9de3df200757285,2,1,66,3
1265.2935,928.0596,-0.9262808,4.688000202178955,3.446000099182129,9927248e4c9f4804b9de3df200757285,2,1,66,4
1268.3925,936.3685,2.2576463,10.26099967956543,3.197999954223633,50a0c3f07a7c4484877d1f74954f9b0d,3,1,66,0
1268.3925,936.3685,2.2576463,10.26099967956543,3.197999954223633,50a0c3f07a7c4484877d1f74954f9b0d,3,1,66,1
1268.3925,936.3685,2.2576463,10.26099967956543,3.197999954223633,50a0c3f07a7c4484877d1f74954f9b0d,3,1,66,2
1268.3925,936.3685,2.2576463,10.26099967956543,3.197999954223633,50a0c3f07a7c4484877d1f74954f9b0d,3,1,66,3
1268.3925,936.3685,2.2576463,10.26099967956543,3.197999954223633,50a0c3f07a7c4484877d1f74954f9b0d,3,1,66,4
1263.93,922.0589,-2.161668,5.757999897003174,2.1419999599456787,41c466dc7b324a2d996337dbc895a027,4,1,66,0
1263.93,922.0589,-2.161668,5.757999897003174,2.1419999599456787,41c466dc7b324a2d996337dbc895a027,4,1,66,1
1263.93,922.0589,-2.161668,5.757999897003174,2.1419999599456787,41c466dc7b324a2d996337dbc895a027,4,1,66,2
1263.93,922.0589,-2.161668,5.757999897003174,2.1419999599456787,41c466dc7b324a2d996337dbc895a027,4,1,66,3
1263.93,922.0589,-2.161668,5.757999897003174,2.1419999599456787,41c466dc7b324a2d996337dbc895a027,4,1,66,4
1229.8685,956.5233,-3.811538,0.925000011920929,0.6399999856948853,dcad23ef9c364e39b6c30958b428256b,5,2,66,0
1229.8685,956.5233,-3.811538,0.925000011920929,0.6399999856948853,dcad23ef9c364e39b6c30958b428256b,5,2,66,1
1229.8685,956.5233,-3.811538,0.925000011920929,0.6399999856948853,dcad23ef9c364e39b6c30958b428256b,5,2,66,2
1229.8685,956.5233,-3.811538,0.925000011920929,0.6399999856948853,dcad23ef9c364e39b6c30958b428256b,5,2,66,3
1229.8685,956.5233,-3.811538,0.925000011920929,0.6399999856948853,dcad23ef9c364e39b6c30958b428256b,5,2,66,4
1263.8993,916.0542,0.7458063,5.248000144958496,2.046999931335449,70e09fa56b754da78d27153146a3cf16,6,1,66,0
1263.8993,916.0542,0.7458063,5.248000144958496,2.046999931335449,70e09fa56b754da78d27153146a3cf16,6,1,66,1
1263.8993,916.0542,0.7458063,5.248000144958496,2.046999931335449,70e09fa56b754da78d27153146a3cf16,6,1,66,2
1263.8993,916.0542,0.7458063,5.248000144958496,2.046999931335449,70e09fa56b754da78d27153146a3cf16,6,1,66,3
1263.8993,916.0542,0.7458063,5.248000144958496,2.046999931335449,70e09fa56b754da78d27153146a3cf16,6,1,66,4
1230.056,914.3756,-0.9131291,4.502999782562256,2.0290000438690186,e014eadcd2c74dc08aeb7e7028d20160,7,1,66,0
1230.056,914.3756,-0.9131291,4.502999782562256,2.0290000438690186,e014eadcd2c74dc08aeb7e7028d20160,7,1,66,1
1230.056,914.3756,-0.9131291,4.502999782562256,2.0290000438690186,e014eadcd2c74dc08aeb7e7028d20160,7,1,66,2
1230.056,914.3756,-0.9131291,4.502999782562256,2.0290000438690186,e014eadcd2c74dc08aeb7e7028d20160,7,1,66,3
1230.056,914.3756,-0.9131291,4.502999782562256,2.0290000438690186,e014eadcd2c74dc08aeb7e7028d20160,7,1,66,4
1257.6476,934.88776,-0.87788385,4.084000110626221,1.7300000190734863,ego,0,1,67,0
1257.6476,934.88776,-0.87788385,4.084000110626221,1.7300000190734863,ego,0,1,67,1
1257.6476,934.88776,-0.87788385,4.084000110626221,1.7300000190734863,ego,0,1,67,2
1257.6476,934.88776,-0.87788385,4.084000110626221,1.7300000190734863,ego,0,1,67,3
1257.6476,934.88776,-0.87788385,4.084000110626221,1.7300000190734863,ego,0,1,67,4
1247.2284,952.17194,2.2607718,4.510000228881836,2.0290000438690186,57090b9ddc3347aebced47c510296c4f,1,1,67,0
1247.2284,952.17194,2.2607718,4.510000228881836,2.0290000438690186,57090b9ddc3347aebced47c510296c4f,1,1,67,1
1247.2284,952.17194,2.2607718,4.510000228881836,2.0290000438690186,57090b9ddc3347aebced47c510296c4f,1,1,67,2
1247.2284,952.17194,2.2607718,4.510000228881836,2.0290000438690186,57090b9ddc3347aebced47c510296c4f,1,1,67,3
1247.2284,952.17194,2.2607718,4.510000228881836,2.0290000438690186,57090b9ddc3347aebced47c510296c4f,1,1,67,4
1265.5834,927.6662,-0.9450244,4.688000202178955,3.446000099182129,9927248e4c9f4804b9de3df200757285,2,1,67,0
1265.5834,927.6662,-0.9450244,4.688000202178955,3.446000099182129,9927248e4c9f4804b9de3df200757285,2,1,67,1
1265.5834,927.6662,-0.9450244,4.688000202178955,3.446000099182129,9927248e4c9f4804b9de3df200757285,2,1,67,2
1265.5834,927.6662,-0.9450244,4.688000202178955,3.446000099182129,9927248e4c9f4804b9de3df200757285,2,1,67,3
1265.5834,927.6662,-0.9450244,4.688000202178955,3.446000099182129,9927248e4c9f4804b9de3df200757285,2,1,67,4
1268.4071,936.3504,2.2389028,10.26099967956543,3.197999954223633,50a0c3f07a7c4484877d1f74954f9b0d,3,1,67,0
1268.4071,936.3504,2.2389028,10.26099967956543,3.197999954223633,50a0c3f07a7c4484877d1f74954f9b0d,3,1,67,1
1268.4071,936.3504,2.2389028,10.26099967956543,3.197999954223633,50a0c3f07a7c4484877d1f74954f9b0d,3,1,67,2
1268.4071,936.3504,2.2389028,10.26099967956543,3.197999954223633,50a0c3f07a7c4484877d1f74954f9b0d,3,1,67,3
1268.4071,936.3504,2.2389028,10.26099967956543,3.197999954223633,50a0c3f07a7c4484877d1f74954f9b0d,3,1,67,4
1263.9214,922.0463,-2.1804116,5.757999897003174,2.1419999599456787,41c466dc7b324a2d996337dbc895a027,4,1,67,0
1263.9214,922.0463,-2.1804116,5.757999897003174,2.1419999599456787,41c466dc7b324a2d996337dbc895a027,4,1,67,1
1263.9214,922.0463,-2.1804116,5.757999897003174,2.1419999599456787,41c466dc7b324a2d996337dbc895a027,4,1,67,2
1263.9214,922.0463,-2.1804116,5.757999897003174,2.1419999599456787,41c466dc7b324a2d996337dbc895a027,4,1,67,3
1263.9214,922.0463,-2.1804116,5.757999897003174,2.1419999599456787,41c466dc7b324a2d996337dbc895a027,4,1,67,4
1229.6112,956.73004,-3.8252885,0.925000011920929,0.6399999856948853,dcad23ef9c364e39b6c30958b428256b,5,2,67,0
1229.6112,956.73004,-3.8252885,0.925000011920929,0.6399999856948853,dcad23ef9c364e39b6c30958b428256b,5,2,67,1
1229.6112,956.73004,-3.8252885,0.925000011920929,0.6399999856948853,dcad23ef9c364e39b6c30958b428256b,5,2,67,2
1229.6112,956.73004,-3.8252885,0.925000011920929,0.6399999856948853,dcad23ef9c364e39b6c30958b428256b,5,2,67,3
1229.6112,956.73004,-3.8252885,0.925000011920929,0.6399999856948853,dcad23ef9c364e39b6c30958b428256b,5,2,67,4
1263.8566,916.01544,0.72706264,5.248000144958496,2.046999931335449,70e09fa56b754da78d27153146a3cf16,6,1,67,0
1263.8566,916.01544,0.72706264,5.248000144958496,2.046999931335449,70e09fa56b754da78d27153146a3cf16,6,1,67,1
1263.8566,916.01544,0.72706264,5.248000144958496,2.046999931335449,70e09fa56b754da78d27153146a3cf16,6,1,67,2
1263.8566,916.01544,0.72706264,5.248000144958496,2.046999931335449,70e09fa56b754da78d27153146a3cf16,6,1,67,3
1263.8566,916.01544,0.72706264,5.248000144958496,2.046999931335449,70e09fa56b754da78d27153146a3cf16,6,1,67,4
1230.0419,914.39417,-0.9318727,4.502999782562256,2.0290000438690186,e014eadcd2c74dc08aeb7e7028d20160,7,1,67,0
1230.0419,914.39417,-0.9318727,4.502999782562256,2.0290000438690186,e014eadcd2c74dc08aeb7e7028d20160,7,1,67,1
1230.0419,914.39417,-0.9318727,4.502999782562256,2.0290000438690186,e014eadcd2c74dc08aeb7e7028d20160,7,1,67,2
1230.0419,914.39417,-0.9318727,4.502999782562256,2.0290000438690186,e014eadcd2c74dc08aeb7e7028d20160,7,1,67,3
1230.0419,914.39417,-0.9318727,4.502999782562256,2.0290000438690186,e014eadcd2c74dc08aeb7e7028d20160,7,1,67,4
1258.221,934.1837,-0.8966275,4.084000110626221,1.7300000190734863,ego,0,1,68,0
1258.221,934.1837,-0.8966275,4.084000110626221,1.7300000190734863,ego,0,1,68,1
1258.221,934.1837,-0.8966275,4.084000110626221,1.7300000190734863,ego,0,1,68,2
1258.221,934.1837,-0.8966275,4.084000110626221,1.7300000190734863,ego,0,1,68,3
1258.221,934.1837,-0.8966275,4.084000110626221,1.7300000190734863,ego,0,1,68,4
1245.7189,954.0364,2.2420282,4.510000228881836,2.0290000438690186,57090b9ddc3347aebced47c510296c4f,1,1,68,0
1245.7189,954.0364,2.2420282,4.510000228881836,2.0290000438690186,57090b9ddc3347aebced47c510296c4f,1,1,68,1
1245.7189,954.0364,2.2420282,4.510000228881836,2.0290000438690186,57090b9ddc3347aebced47c510296c4f,1,1,68,2
1245.7189,954.0364,2.2420282,4.510000228881836,2.0290000438690186,57090b9ddc3347aebced47c510296c4f,1,1,68,3
1245.7189,954.0364,2.2420282,4.510000228881836,2.0290000438690186,57090b9ddc3347aebced47c510296c4f,1,1,68,4
1265.8644,927.2697,-0.963768,4.688000202178955,3.446000099182129,9927248e4c9f4804b9de3df200757285,2,1,68,0
1265.8644,927.2697,-0.963768,4.688000202178955,3.446000099182129,9927248e4c9f4804b9de3df200757285,2,1,68,1
1265.8644,927.2697,-0.963768,4.688000202178955,3.446000099182129,9927248e4c9f4804b9de3df200757285,2,1,68,2
1265.8644,927.2697,-0.963768,4.688000202178955,3.446000099182129,9927248e4c9f4804b9de3df200757285,2,1,68,3
1265.8644,927.2697,-0.963768,4.688000202178955,3.446000099182129,9927248e4c9f4804b9de3df200757285,2,1,68,4
1268.423,936.3299,2.2201593,10.26099967956543,3.197999954223633,50a0c3f07a7c4484877d1f74954f9b0d,3,1,68,0
1268.423,936.3299,2.2201593,10.26099967956543,3.197999954223633,50a0c3f07a7c4484877d1f74954f9b0d,3,1,68,1
1268.423,936.3299,2.2201593,10.26099967956543,3.197999954223633,50a0c3f07a7c4484877d1f74954f9b0d,3,1,68,2
1268.423,936.3299,2.2201593,10.26099967956543,3.197999954223633,50a0c3f07a7c4484877d1f74954f9b0d,3,1,68,3
1268.423,936.3299,2.2201593,10.26099967956543,3.197999954223633,50a0c3f07a7c4484877d1f74954f9b0d,3,1,68,4
1263.9142,922.03613,-2.1991553,5.757999897003174,2.1419999599456787,41c466dc7b324a2d996337dbc895a027,4,1,68,0
1263.9142,922.03613,-2.1991553,5.757999897003174,2.1419999599456787,41c466dc7b324a2d996337dbc895a027,4,1,68,1
1263.9142,922.03613,-2.1991553,5.757999897003174,2.1419999599456787,41c466dc7b324a2d996337dbc895a027,4,1,68,2
1263.9142,922.03613,-2.1991553,5.757999897003174,2.1419999599456787,41c466dc7b324a2d996337dbc895a027,4,1,68,3
1263.9142,922.03613,-2.1991553,5.757999897003174,2.1419999599456787,41c466dc7b324a2d996337dbc895a027,4,1,68,4
1229.3538,956.9428,-3.839039,0.925000011920929,0.6399999856948853,dcad23ef9c364e39b6c30958b428256b,5,2,68,0
1229.3538,956.9428,-3.839039,0.925000011920929,0.6399999856948853,dcad23ef9c364e39b6c30958b428256b,5,2,68,1
1229.3538,956.9428,-3.839039,0.925000011920929,0.6399999856948853,dcad23ef9c364e39b6c30958b428256b,5,2,68,2
1229.3538,956.9428,-3.839039,0.925000011920929,0.6399999856948853,dcad23ef9c364e39b6c30958b428256b,5,2,68,3
1229.3538,956.9428,-3.839039,0.925000011920929,0.6399999856948853,dcad23ef9c364e39b6c30958b428256b,5,2,68,4
1263.811,915.9757,0.708319,5.248000144958496,2.046999931335449,70e09fa56b754da78d27153146a3cf16,6,1,68,0
1263.811,915.9757,0.708319,5.248000144958496,2.046999931335449,70e09fa56b754da78d27153146a3cf16,6,1,68,1
1263.811,915.9757,0.708319,5.248000144958496,2.046999931335449,70e09fa56b754da78d27153146a3cf16,6,1,68,2
1263.811,915.9757,0.708319,5.248000144958496,2.046999931335449,70e09fa56b754da78d27153146a3cf16,6,1,68,3
1263.811,915.9757,0.708319,5.248000144958496,2.046999931335449,70e09fa56b754da78d27153146a3cf16,6,1,68,4
1230.0266,914.4152,-0.95061636,4.502999782562256,2.0290000438690186,e014eadcd2c74dc08aeb7e7028d20160,7,1,68,0
1230.0266,914.4152,-0.95061636,4.502999782562256,2.0290000438690186,e014eadcd2c74dc08aeb7e7028d20160,7,1,68,1
1230.0266,914.4152,-0.95061636,4.502999782562256,2.0290000438690186,e014eadcd2c74dc08aeb7e7028d20160,7,1,68,2
1230.0266,914.4152,-0.95061636,4.502999782562256,2.0290000438690186,e014eadcd2c74dc08aeb7e7028d20160,7,1,68,3
1230.0266,914.4152,-0.95061636,4.502999782562256,2.0290000438690186,e014eadcd2c74dc08aeb7e7028d20160,7,1,68,4
1258.7794,933.47125,-0.91537106,4.084000110626221,1.7300000190734863,ego,0,1,69,0
1258.7794,933.47125,-0.91537106,4.084000110626221,1.7300000190734863,ego,0,1,69,1
1258.7794,933.47125,-0.91537106,4.084000110626221,1.7300000190734863,ego,0,1,69,2
1258.7794,933.47125,-0.91537106,4.084000110626221,1.7300000190734863,ego,0,1,69,3
1258.7794,933.47125,-0.91537106,4.084000110626221,1.7300000190734863,ego,0,1,69,4
1244.2462,955.92664,2.2232847,4.510000228881836,2.0290000438690186,57090b9ddc3347aebced47c510296c4f,1,1,69,0
1244.2462,955.92664,2.2232847,4.510000228881836,2.0290000438690186,57090b9ddc3347aebced47c510296c4f,1,1,69,1
1244.2462,955.92664,2.2232847,4.510000228881836,2.0290000438690186,57090b9ddc3347aebced47c510296c4f,1,1,69,2
1244.2462,955.92664,2.2232847,4.510000228881836,2.0290000438690186,57090b9ddc3347aebced47c510296c4f,1,1,69,3
1244.2462,955.92664,2.2232847,4.510000228881836,2.0290000438690186,57090b9ddc3347aebced47c510296c4f,1,1,69,4
1266.1362,926.8703,-0.98251164,4.688000202178955,3.446000099182129,9927248e4c9f4804b9de3df200757285,2,1,69,0
1266.1362,926.8703,-0.98251164,4.688000202178955,3.446000099182129,9927248e4c9f4804b9de3df200757285,2,1,69,1
1266.1362,926.8703,-0.98251164,4.688000202178955,3.446000099182129,9927248e4c9f4804b9de3df200757285,2,1,69,2
1266.1362,926.8703,-0.98251164,4.688000202178955,3.446000099182129,9927248e4c9f4804b9de3df200757285,2,1,69,3
1266.1362,926.8703,-0.98251164,4.688000202178955,3.446000099182129,9927248e4c9f4804b9de3df200757285,2,1,69,4
1268.4401,936.3068,2.2014158,10.26099967956543,3.197999954223633,50a0c3f07a7c4484877d1f74954f9b0d,3,1,69,0
1268.4401,936.3068,2.2014158,10.26099967956543,3.197999954223633,50a0c3f07a7c4484877d1f74954f9b0d,3,1,69,1
1268.4401,936.3068,2.2014158,10.26099967956543,3.197999954223633,50a0c3f07a7c4484877d1f74954f9b0d,3,1,69,2
1268.4401,936.3068,2.2014158,10.26099967956543,3.197999954223633,50a0c3f07a7c4484877d1f74954f9b0d,3,1,69,3
1268.4401,936.3068,2.2014158,10.26099967956543,3.197999954223633,50a0c3f07a7c4484877d1f74954f9b0d,3,1,69,4
1263.9083,922.02826,-2.2178988,5.757999897003174,2.1419999599456787,41c466dc7b324a2d996337dbc895a027,4,1,69,0
1263.9083,922.02826,-2.2178988,5.757999897003174,2.1419999599456787,41c466dc7b324a2d996337dbc895a027,4,1,69,1
1263.9083,922.02826,-2.2178988,5.757999897003174,2.1419999599456787,41c466dc7b324a2d996337dbc895a027,4,1,69,2
1263.9083,922.02826,-2.2178988,5.757999897003174,2.1419999599456787,41c466dc7b324a2d996337dbc895a027,4,1,69,3
1263.9083,922.02826,-2.2178988,5.757999897003174,2.1419999599456787,41c466dc7b324a2d996337dbc895a027,4,1,69,4
1263.7627,915.93506,0.6895754,5.248000144958496,2.046999931335449,70e09fa56b754da78d27153146a3cf16,6,1,69,0
1263.7627,915.93506,0.6895754,5.248000144958496,2.046999931335449,70e09fa56b754da78d27153146a3cf16,6,1,69,1
1263.7627,915.93506,0.6895754,5.248000144958496,2.046999931335449,70e09fa56b754da78d27153146a3cf16,6,1,69,2
1263.7627,915.93506,0.6895754,5.248000144958496,2.046999931335449,70e09fa56b754da78d27153146a3cf16,6,1,69,3
1263.7627,915.93506,0.6895754,5.248000144958496,2.046999931335449,70e09fa56b754da78d27153146a3cf16,6,1,69,4
1230.01,914.43884,-0.96935993,4.502999782562256,2.0290000438690186,e014eadcd2c74dc08aeb7e7028d20160,7,1,69,0
1230.01,914.43884,-0.96935993,4.502999782562256,2.0290000438690186,e014eadcd2c74dc08aeb7e7028d20160,7,1,69,1
1230.01,914.43884,-0.96935993,4.502999782562256,2.0290000438690186,e014eadcd2c74dc08aeb7e7028d20160,7,1,69,2
1230.01,914.43884,-0.96935993,4.502999782562256,2.0290000438690186,e014eadcd2c74dc08aeb7e7028d20160,7,1,69,3
1230.01,914.43884,-0.96935993,4.502999782562256,2.0290000438690186,e014eadcd2c74dc08aeb7e7028d20160,7,1,69,4
1259.3228,932.7506,-0.9341147,4.084000110626221,1.7300000190734863,ego,0,1,70,0
1259.3228,932.7506,-0.9341147,4.084000110626221,1.7300000190734863,ego,0,1,70,1
1259.3228,932.7506,-0.9341147,4.084000110626221,1.7300000190734863,ego,0,1,70,2
1259.3228,932.7506,-0.9341147,4.084000110626221,1.7300000190734863,ego,0,1,70,3
1259.3228,932.7506,-0.9341147,4.084000110626221,1.7300000190734863,ego,0,1,70,4
1242.8108,957.842,2.2045412,4.510000228881836,2.0290000438690186,57090b9ddc3347aebced47c510296c4f,1,1,70,0
1242.8108,957.842,2.2045412,4.510000228881836,2.0290000438690186,57090b9ddc3347aebced47c510296c4f,1,1,70,1
1242.8108,957.842,2.2045412,4.510000228881836,2.0290000438690186,57090b9ddc3347aebced47c510296c4f,1,1,70,2
1242.8108,957.842,2.2045412,4.510000228881836,2.0290000438690186,57090b9ddc3347aebced47c510296c4f,1,1,70,3
1242.8108,957.842,2.2045412,4.510000228881836,2.0290000438690186,57090b9ddc3347aebced47c510296c4f,1,1,70,4
1266.399,926.46814,-1.0012553,4.688000202178955,3.446000099182129,9927248e4c9f4804b9de3df200757285,2,1,70,0
1266.399,926.46814,-1.0012553,4.688000202178955,3.446000099182129,9927248e4c9f4804b9de3df200757285,2,1,70,1
1266.399,926.46814,-1.0012553,4.688000202178955,3.446000099182129,9927248e4c9f4804b9de3df200757285,2,1,70,2
1266.399,926.46814,-1.0012553,4.688000202178955,3.446000099182129,9927248e4c9f4804b9de3df200757285,2,1,70,3
1266.399,926.46814,-1.0012553,4.688000202178955,3.446000099182129,9927248e4c9f4804b9de3df200757285,2,1,70,4
1268.4584,936.28125,2.1826723,10.26099967956543,3.197999954223633,50a0c3f07a7c4484877d1f74954f9b0d,3,1,70,0
1268.4584,936.28125,2.1826723,10.26099967956543,3.197999954223633,50a0c3f07a7c4484877d1f74954f9b0d,3,1,70,1
1268.4584,936.28125,2.1826723,10.26099967956543,3.197999954223633,50a0c3f07a7c4484877d1f74954f9b0d,3,1,70,2
1268.4584,936.28125,2.1826723,10.26099967956543,3.197999954223633,50a0c3f07a7c4484877d1f74954f9b0d,3,1,70,3
1268.4584,936.28125,2.1826723,10.26099967956543,3.197999954223633,50a0c3f07a7c4484877d1f74954f9b0d,3,1,70,4
1263.904,922.0227,-2.2366426,5.757999897003174,2.1419999599456787,41c466dc7b324a2d996337dbc895a027,4,1,70,0
1263.904,922.0227,-2.2366426,5.757999897003174,2.1419999599456787,41c466dc7b324a2d996337dbc895a027,4,1,70,1
1263.904,922.0227,-2.2366426,5.757999897003174,2.1419999599456787,41c466dc7b324a2d996337dbc895a027,4,1,70,2
1263.904,922.0227,-2.2366426,5.757999897003174,2.1419999599456787,41c466dc7b324a2d996337dbc895a027,4,1,70,3
1263.904,922.0227,-2.2366426,5.757999897003174,2.1419999599456787,41c466dc7b324a2d996337dbc895a027,4,1,70,4
1263.7114,915.89355,0.67083174,5.248000144958496,2.046999931335449,70e09fa56b754da78d27153146a3cf16,6,1,70,0
1263.7114,915.89355,0.67083174,5.248000144958496,2.046999931335449,70e09fa56b754da78d27153146a3cf16,6,1,70,1
1263.7114,915.89355,0.67083174,5.248000144958496,2.046999931335449,70e09fa56b754da78d27153146a3cf16,6,1,70,2
1263.7114,915.89355,0.67083174,5.248000144958496,2.046999931335449,70e09fa56b754da78d27153146a3cf16,6,1,70,3
1263.7114,915.89355,0.67083174,5.248000144958496,2.046999931335449,70e09fa56b754da78d27153146a3cf16,6,1,70,4
1229.9924,914.465,-0.98810357,4.502999782562256,2.0290000438690186,e014eadcd2c74dc08aeb7e7028d20160,7,1,70,0
1229.9924,914.465,-0.98810357,4.502999782562256,2.0290000438690186,e014eadcd2c74dc08aeb7e7028d20160,7,1,70,1
1229.9924,914.465,-0.98810357,4.502999782562256,2.0290000438690186,e014eadcd2c74dc08aeb7e7028d20160,7,1,70,2
1229.9924,914.465,-0.98810357,4.502999782562256,2.0290000438690186,e014eadcd2c74dc08aeb7e7028d20160,7,1,70,3
1229.9924,914.465,-0.98810357,4.502999782562256,2.0290000438690186,e014eadcd2c74dc08aeb7e7028d20160,7,1,70,4
