x,y,heading,length,width,agent_name,agent_id,agent_type,frame,mode_k
1358.225,1117.6163,0.86595863,4.084000110626221,1.7300000190734863,ego,0,1,14,0
1358.225,1117.6163,0.86595863,4.084000110626221,1.7300000190734863,ego,0,1,14,1
1358.225,1117.6163,0.86595863,4.084000110626221,1.7300000190734863,ego,0,1,14,2
1358.225,1117.6163,0.86595863,4.084000110626221,1.7300000190734863,ego,0,1,14,3
1358.225,1117.6163,0.86595863,4.084000110626221,1.7300000190734863,ego,0,1,14,4
1349.5801,1115.1252,1.1444298,4.820000171661377,1.8930000066757202,d3a5b6a955864d8cb608f66d8282dce7,1,1,14,0
1349.5801,1115.1252,1.1444298,4.820000171661377,1.8930000066757202,d3a5b6a955864d8cb608f66d8282dce7,1,1,14,1
1349.5801,1115.1252,1.1444298,4.820000171661377,1.8930000066757202,d3a5b6a955864d8cb608f66d8282dce7,1,1,14,2
1349.5801,1115.1252,1.1444298,4.820000171661377,1.8930000066757202,d3a5b6a955864d8cb608f66d8282dce7,1,1,14,3
1349.5801,1115.1252,1.1444298,4.820000171661377,1.8930000066757202,d3a5b6a955864d8cb608f66d8282dce7,1,1,14,4
1349.008,1107.0442,0.87228066,4.599999904632568,1.9019999504089355,e52661ab623944608f71f0eb021fbc0b,2,1,14,0
1349.008,1107.0442,0.87228066,4.599999904632568,1.9019999504089355,e52661ab623944608f71f0eb021fbc0b,2,1,14,1
1349.008,1107.0442,0.87228066,4.599999904632568,1.9019999504089355,e52661ab623944608f71f0eb021fbc0b,2,1,14,2
1349.008,1107.0442,0.87228066,4.599999904632568,1.9019999504089355,e52661ab623944608f71f0eb021fbc0b,2,1,14,3
1349.008,1107.0442,0.87228066,4.599999904632568,1.9019999504089355,e52661ab623944608f71f0eb021fbc0b,2,1,14,4
1345.723,1109.0043,0.9344667,4.375999927520752,1.7899999618530273,509727ab37f744d8bf765134fc25af7d,3,1,14,0
1345.723,1109.0043,0.9344667,4.375999927520752,1.7899999618530273,509727ab37f744d8bf765134fc25af7d,3,1,14,1
1345.723,1109.0043,0.9344667,4.375999927520752,1.7899999618530273,509727ab37f744d8bf765134fc25af7d,3,1,14,2
1345.723,1109.0043,0.9344667,4.375999927520752,1.7899999618530273,509727ab37f744d8bf765134fc25af7d,3,1,14,3
1345.723,1109.0043,0.9344667,4.375999927520752,1.7899999618530273,509727ab37f744d8bf765134fc25af7d,3,1,14,4
1340.9711,1103.1772,0.8646536,4.296000003814697,1.7970000505447388,ae48d378199b4bab9e0cccec585d6bcc,4,1,14,0
1340.9711,1103.1772,0.8646536,4.296000003814697,1.7970000505447388,ae48d378199b4bab9e0cccec585d6bcc,4,1,14,1
1340.9711,1103.1772,0.8646536,4.296000003814697,1.7970000505447388,ae48d378199b4bab9e0cccec585d6bcc,4,1,14,2
1340.9711,1103.1772,0.8646536,4.296000003814697,1.7970000505447388,ae48d378199b4bab9e0cccec585d6bcc,4,1,14,3
1340.9711,1103.1772,0.8646536,4.296000003814697,1.7970000505447388,ae48d378199b4bab9e0cccec585d6bcc,4,1,14,4
1350.405,1095.7323,0.8483522,0.5799999833106995,0.7409999966621399,f0c3762315e14ec8925096ad1f556883,5,2,14,0
1350.405,1095.7323,0.8483522,0.5799999833106995,0.7409999966621399,f0c3762315e14ec8925096ad1f556883,5,2,14,1
1350.405,1095.7323,0.8483522,0.5799999833106995,0.7409999966621399,f0c3762315e14ec8925096ad1f556883,5,2,14,2
1350.405,1095.7323,0.8483522,0.5799999833106995,0.7409999966621399,f0c3762315e14ec8925096ad1f556883,5,2,14,3
1350.405,1095.7323,0.8483522,0.5799999833106995,0.7409999966621399,f0c3762315e14ec8925096ad1f556883,5,2,14,4
1346.1111,1090.6432,0.8795412,0.7649999856948853,0.5809999704360962,d0cbb2dff7e9414c96a4f56070578857,6,2,14,0
1346.1111,1090.6432,0.8795412,0.7649999856948853,0.5809999704360962,d0cbb2dff7e9414c96a4f56070578857,6,2,14,1
1346.1111,1090.6432,0.8795412,0.7649999856948853,0.5809999704360962,d0cbb2dff7e9414c96a4f56070578857,6,2,14,2
1346.1111,1090.6432,0.8795412,0.7649999856948853,0.5809999704360962,d0cbb2dff7e9414c96a4f56070578857,6,2,14,3
1346.1111,1090.6432,0.8795412,0.7649999856948853,0.5809999704360962,d0cbb2dff7e9414c96a4f56070578857,6,2,14,4
1345.368,1090.8602,0.87973213,1.0089999437332153,0.7720000147819519,cdc78e63e51144a396dab0973e9f4ec6,7,2,14,0
1345.368,1090.8602,0.87973213,1.0089999437332153,0.7720000147819519,cdc78e63e51144a396dab0973e9f4ec6,7,2,14,1
1345.368,1090.8602,0.87973213,1.0089999437332153,0.7720000147819519,cdc78e63e51144a396dab0973e9f4ec6,7,2,14,2
1345.368,1090.8602,0.87973213,1.0089999437332153,0.7720000147819519,cdc78e63e51144a396dab0973e9f4ec6,7,2,14,3
1345.368,1090.8602,0.87973213,1.0089999437332153,0.7720000147819519,cdc78e63e51144a396dab0973e9f4ec6,7,2,14,4
1371.586,1153.2192,0.9852384,4.563000202178955,2.7780001163482666,ba36edc4839149d0b01224733d828f56,8,1,14,0
1371.586,1153.2192,0.9852384,4.563000202178955,2.7780001163482666,ba36edc4839149d0b01224733d828f56,8,1,14,1
1371.586,1153.2192,0.9852384,4.563000202178955,2.7780001163482666,ba36edc4839149d0b01224733d828f56,8,1,14,2
1371.586,1153.2192,0.9852384,4.563000202178955,2.7780001163482666,ba36edc4839149d0b01224733d828f56,8,1,14,3
1371.586,1153.2192,0.9852384,4.563000202178955,2.7780001163482666,ba36edc4839149d0b01224733d828f56,8,1,14,4
1359.4197,1118.9945,0.847215,4.084000110626221,1.7300000190734863,ego,0,1,15,0
1359.4197,1118.9945,0.847215,4.084000110626221,1.7300000190734863,ego,0,1,15,1
1359.4197,1118.9945,0.847215,4.084000110626221,1.7300000190734863,ego,0,1,15,2
1359.4197,1118.9945,0.847215,4.084000110626221,1.7300000190734863,ego,0,1,15,3
1359.4197,1118.9945,0.847215,4.084000110626221,1.7300000190734863,ego,0,1,15,4
1349.5707,1115.105,1.1256862,4.820000171661377,1.8930000066757202,d3a5b6a955864d8cb608f66d8282dce7,1,1,15,0
1349.5707,1115.105,1.1256862,4.820000171661377,1.8930000066757202,d3a5b6a955864d8cb608f66d8282dce7,1,1,15,1
1349.5707,1115.105,1.1256862,4.820000171661377,1.8930000066757202,d3a5b6a955864d8cb608f66d8282dce7,1,1,15,2
1349.5707,1115.105,1.1256862,4.820000171661377,1.8930000066757202,d3a5b6a955864d8cb608f66d8282dce7,1,1,15,3
1349.5707,1115.105,1.1256862,4.820000171661377,1.8930000066757202,d3a5b6a955864d8cb608f66d8282dce7,1,1,15,4
1350.3077,1108.5627,0.853537,4.599999904632568,1.9019999504089355,e52661ab623944608f71f0eb021fbc0b,2,1,15,0
1350.3077,1108.5627,0.853537,4.599999904632568,1.9019999504089355,e52661ab623944608f71f0eb021fbc0b,2,1,15,1
1350.3077,1108.5627,0.853537,4.599999904632568,1.9019999504089355,e52661ab623944608f71f0eb021fbc0b,2,1,15,2
1350.3077,1108.5627,0.853537,4.599999904632568,1.9019999504089355,e52661ab623944608f71f0eb021fbc0b,2,1,15,3
1350.3077,1108.5627,0.853537,4.599999904632568,1.9019999504089355,e52661ab623944608f71f0eb021fbc0b,2,1,15,4
1345.7164,1108.9954,0.9157231,4.375999927520752,1.7899999618530273,509727ab37f744d8bf765134fc25af7d,3,1,15,0
1345.7164,1108.9954,0.9157231,4.375999927520752,1.7899999618530273,509727ab37f744d8bf765134fc25af7d,3,1,15,1
1345.7164,1108.9954,0.9157231,4.375999927520752,1.7899999618530273,509727ab37f744d8bf765134fc25af7d,3,1,15,2
1345.7164,1108.9954,0.9157231,4.375999927520752,1.7899999618530273,509727ab37f744d8bf765134fc25af7d,3,1,15,3
1345.7164,1108.9954,0.9157231,4.375999927520752,1.7899999618530273,509727ab37f744d8bf765134fc25af7d,3,1,15,4
1340.9332,1103.1338,0.84590995,4.296000003814697,1.7970000505447388,ae48d378199b4bab9e0cccec585d6bcc,4,1,15,0
1340.9332,1103.1338,0.84590995,4.296000003814697,1.7970000505447388,ae48d378199b4bab9e0cccec585d6bcc,4,1,15,1
1340.9332,1103.1338,0.84590995,4.296000003814697,1.7970000505447388,ae48d378199b4bab9e0cccec585d6bcc,4,1,15,2
1340.9332,1103.1338,0.84590995,4.296000003814697,1.7970000505447388,ae48d378199b4bab9e0cccec585d6bcc,4,1,15,3
1340.9332,1103.1338,0.84590995,4.296000003814697,1.7970000505447388,ae48d378199b4bab9e0cccec585d6bcc,4,1,15,4
1350.6699,1096.0287,0.8346017,0.5799999833106995,0.7409999966621399,f0c3762315e14ec8925096ad1f556883,5,2,15,0
1350.6699,1096.0287,0.8346017,0.5799999833106995,0.7409999966621399,f0c3762315e14ec8925096ad1f556883,5,2,15,1
1350.6699,1096.0287,0.8346017,0.5799999833106995,0.7409999966621399,f0c3762315e14ec8925096ad1f556883,5,2,15,2
1350.6699,1096.0287,0.8346017,0.5799999833106995,0.7409999966621399,f0c3762315e14ec8925096ad1f556883,5,2,15,3
1350.6699,1096.0287,0.8346017,0.5799999833106995,0.7409999966621399,f0c3762315e14ec8925096ad1f556883,5,2,15,4
1346.3523,1090.9307,0.8657907,0.7649999856948853,0.5809999704360962,d0cbb2dff7e9414c96a4f56070578857,6,2,15,0
1346.3523,1090.9307,0.8657907,0.7649999856948853,0.5809999704360962,d0cbb2dff7e9414c96a4f56070578857,6,2,15,1
1346.3523,1090.9307,0.8657907,0.7649999856948853,0.5809999704360962,d0cbb2dff7e9414c96a4f56070578857,6,2,15,2
1346.3523,1090.9307,0.8657907,0.7649999856948853,0.5809999704360962,d0cbb2dff7e9414c96a4f56070578857,6,2,15,3
1346.3523,1090.9307,0.8657907,0.7649999856948853,0.5809999704360962,d0cbb2dff7e9414c96a4f56070578857,6,2,15,4
1345.5779,1091.1104,0.8659817,1.0089999437332153,0.7720000147819519,cdc78e63e51144a396dab0973e9f4ec6,7,2,15,0
1345.5779,1091.1104,0.8659817,1.0089999437332153,0.7720000147819519,cdc78e63e51144a396dab0973e9f4ec6,7,2,15,1
1345.5779,1091.1104,0.8659817,1.0089999437332153,0.7720000147819519,cdc78e63e51144a396dab0973e9f4ec6,7,2,15,2
1345.5779,1091.1104,0.8659817,1.0089999437332153,0.7720000147819519,cdc78e63e51144a396dab0973e9f4ec6,7,2,15,3
1345.5779,1091.1104,0.8659817,1.0089999437332153,0.7720000147819519,cdc78e63e51144a396dab0973e9f4ec6,7,2,15,4
1371.5833,1153.215,0.96649474,4.563000202178955,2.7780001163482666,ba36edc4839149d0b01224733d828f56,8,1,15,0
1371.5833,1153.215,0.96649474,4.563000202178955,2.7780001163482666,ba36edc4839149d0b01224733d828f56,8,1,15,1
1371.5833,1153.215,0.96649474,4.563000202178955,2.7780001163482666,ba36edc4839149d0b01224733d828f56,8,1,15,2
1371.5833,1153.215,0.96649474,4.563000202178955,2.7780001163482666,ba36edc4839149d0b01224733d828f56,8,1,15,3
1371.5833,1153.215,0.96649474,4.563000202178955,2.7780001163482666,ba36edc4839149d0b01224733d828f56,8,1,15,4
1360.6382,1120.348,0.82847136,4.084000110626221,1.7300000190734863,ego,0,1,16,0
1360.6382,1120.348,0.82847136,4.084000110626221,1.7300000190734863,ego,0,1,16,1
1360.6382,1120.348,0.82847136,4.084000110626221,1.7300000190734863,ego,0,1,16,2
1360.6382,1120.348,0.82847136,4.084000110626221,1.7300000190734863,ego,0,1,16,3
1360.6382,1120.348,0.82847136,4.084000110626221,1.7300000190734863,ego,0,1,16,4
1349.5596,1115.0824,1.1069427,4.820000171661377,1.8930000066757202,d3a5b6a955864d8cb608f66d8282dce7,1,1,16,0
1349.5596,1115.0824,1.1069427,4.820000171661377,1.8930000066757202,d3a5b6a955864d8cb608f66d8282dce7,1,1,16,1
1349.5596,1115.0824,1.1069427,4.820000171661377,1.8930000066757202,d3a5b6a955864d8cb608f66d8282dce7,1,1,16,2
1349.5596,1115.0824,1.1069427,4.820000171661377,1.8930000066757202,d3a5b6a955864d8cb608f66d8282dce7,1,1,16,3
1349.5596,1115.0824,1.1069427,4.820000171661377,1.8930000066757202,d3a5b6a955864d8cb608f66d8282dce7,1,1,16,4
1351.6338,1110.0547,0.8347934,4.599999904632568,1.9019999504089355,e52661ab623944608f71f0eb021fbc0b,2,1,16,0
1351.6338,1110.0547,0.8347934,4.599999904632568,1.9019999504089355,e52661ab623944608f71f0eb021fbc0b,2,1,16,1
1351.6338,1110.0547,0.8347934,4.599999904632568,1.9019999504089355,e52661ab623944608f71f0eb021fbc0b,2,1,16,2
1351.6338,1110.0547,0.8347934,4.599999904632568,1.9019999504089355,e52661ab623944608f71f0eb021fbc0b,2,1,16,3
1351.6338,1110.0547,0.8347934,4.599999904632568,1.9019999504089355,e52661ab623944608f71f0eb021fbc0b,2,1,16,4
1345.7078,1108.9844,0.89697945,4.375999927520752,1.7899999618530273,509727ab37f744d8bf765134fc25af7d,3,1,16,0
1345.7078,1108.9844,0.89697945,4.375999927520752,1.7899999618530273,509727ab37f744d8bf765134fc25af7d,3,1,16,1
1345.7078,1108.9844,0.89697945,4.375999927520752,1.7899999618530273,509727ab37f744d8bf765134fc25af7d,3,1,16,2
1345.7078,1108.9844,0.89697945,4.375999927520752,1.7899999618530273,509727ab37f744d8bf765134fc25af7d,3,1,16,3
1345.7078,1108.9844,0.89697945,4.375999927520752,1.7899999618530273,509727ab37f744d8bf765134fc25af7d,3,1,16,4
1340.8928,1103.089,0.8271663,4.296000003814697,1.7970000505447388,ae48d378199b4bab9e0cccec585d6bcc,4,1,16,0
1340.8928,1103.089,0.8271663,4.296000003814697,1.7970000505447388,ae48d378199b4bab9e0cccec585d6bcc,4,1,16,1
1340.8928,1103.089,0.8271663,4.296000003814697,1.7970000505447388,ae48d378199b4bab9e0cccec585d6bcc,4,1,16,2
1340.8928,1103.089,0.8271663,4.296000003814697,1.7970000505447388,ae48d378199b4bab9e0cccec585d6bcc,4,1,16,3
1340.8928,1103.089,0.8271663,4.296000003814697,1.7970000505447388,ae48d378199b4bab9e0cccec585d6bcc,4,1,16,4
1350.9415,1096.3242,0.8208512,0.5799999833106995,0.7409999966621399,f0c3762315e14ec8925096ad1f556883,5,2,16,0
1350.9415,1096.3242,0.8208512,0.5799999833106995,0.7409999966621399,f0c3762315e14ec8925096ad1f556883,5,2,16,1
1350.9415,1096.3242,0.8208512,0.5799999833106995,0.7409999966621399,f0c3762315e14ec8925096ad1f556883,5,2,16,2
1350.9415,1096.3242,0.8208512,0.5799999833106995,0.7409999966621399,f0c3762315e14ec8925096ad1f556883,5,2,16,3
1350.9415,1096.3242,0.8208512,0.5799999833106995,0.7409999966621399,f0c3762315e14ec8925096ad1f556883,5,2,16,4
1346.6,1091.2178,0.8520403,0.7649999856948853,0.5809999704360962,d0cbb2dff7e9414c96a4f56070578857,6,2,16,0
1346.6,1091.2178,0.8520403,0.7649999856948853,0.5809999704360962,d0cbb2dff7e9414c96a4f56070578857,6,2,16,1
1346.6,1091.2178,0.8520403,0.7649999856948853,0.5809999704360962,d0cbb2dff7e9414c96a4f56070578857,6,2,16,2
1346.6,1091.2178,0.8520403,0.7649999856948853,0.5809999704360962,d0cbb2dff7e9414c96a4f56070578857,6,2,16,3
1346.6,1091.2178,0.8520403,0.7649999856948853,0.5809999704360962,d0cbb2dff7e9414c96a4f56070578857,6,2,16,4
1345.7936,1091.3605,0.8522312,1.0089999437332153,0.7720000147819519,cdc78e63e51144a396dab0973e9f4ec6,7,2,16,0
1345.7936,1091.3605,0.8522312,1.0089999437332153,0.7720000147819519,cdc78e63e51144a396dab0973e9f4ec6,7,2,16,1
1345.7936,1091.3605,0.8522312,1.0089999437332153,0.7720000147819519,cdc78e63e51144a396dab0973e9f4ec6,7,2,16,2
1345.7936,1091.3605,0.8522312,1.0089999437332153,0.7720000147819519,cdc78e63e51144a396dab0973e9f4ec6,7,2,16,3
1345.7936,1091.3605,0.8522312,1.0089999437332153,0.7720000147819519,cdc78e63e51144a396dab0973e9f4ec6,7,2,16,4
1371.5787,1153.2086,0.9477511,4.563000202178955,2.7780001163482666,ba36edc4839149d0b01224733d828f56,8,1,16,0
1371.5787,1153.2086,0.9477511,4.563000202178955,2.7780001163482666,ba36edc4839149d0b01224733d828f56,8,1,16,1
1371.5787,1153.2086,0.9477511,4.563000202178955,2.7780001163482666,ba36edc4839149d0b01224733d828f56,8,1,16,2
1371.5787,1153.2086,0.9477511,4.563000202178955,2.7780001163482666,ba36edc4839149d0b01224733d828f56,8,1,16,3
1371.5787,1153.2086,0.9477511,4.563000202178955,2.7780001163482666,ba36edc4839149d0b01224733d828f56,8,1,16,4
1361.8799,1121.6764,0.8097278,4.084000110626221,1.7300000190734863,ego,0,1,17,0
1361.8799,1121.6764,0.8097278,4.084000110626221,1.7300000190734863,ego,0,1,17,1
1361.8799,1121.6764,0.8097278,4.084000110626221,1.7300000190734863,ego,0,1,17,2
1361.8799,1121.6764,0.8097278,4.084000110626221,1.7300000190734863,ego,0,1,17,3
1361.8799,1121.6764,0.8097278,4.084000110626221,1.7300000190734863,ego,0,1,17,4
1349.5469,1115.0575,1.0881989,4.820000171661377,1.8930000066757202,d3a5b6a955864d8cb608f66d8282dce7,1,1,17,0
1349.5469,1115.0575,1.0881989,4.820000171661377,1.8930000066757202,d3a5b6a955864d8cb608f66d8282dce7,1,1,17,1
1349.5469,1115.0575,1.0881989,4.820000171661377,1.8930000066757202,d3a5b6a955864d8cb608f66d8282dce7,1,1,17,2
1349.5469,1115.0575,1.0881989,4.820000171661377,1.8930000066757202,d3a5b6a955864d8cb608f66d8282dce7,1,1,17,3
1349.5469,1115.0575,1.0881989,4.820000171661377,1.8930000066757202,d3a5b6a955864d8cb608f66d8282dce7,1,1,17,4
1352.9857,1111.5194,0.81604975,4.599999904632568,1.9019999504089355,e52661ab623944608f71f0eb021fbc0b,2,1,17,0
1352.9857,1111.5194,0.81604975,4.599999904632568,1.9019999504089355,e52661ab623944608f71f0eb021fbc0b,2,1,17,1
1352.9857,1111.5194,0.81604975,4.599999904632568,1.9019999504089355,e52661ab623944608f71f0eb021fbc0b,2,1,17,2
1352.9857,1111.5194,0.81604975,4.599999904632568,1.9019999504089355,e52661ab623944608f71f0eb021fbc0b,2,1,17,3
1352.9857,1111.5194,0.81604975,4.599999904632568,1.9019999504089355,e52661ab623944608f71f0eb021fbc0b,2,1,17,4
1345.6973,1108.9716,0.8782359,4.375999927520752,1.7899999618530273,509727ab37f744d8bf765134fc25af7d,3,1,17,0
1345.6973,1108.9716,0.8782359,4.375999927520752,1.7899999618530273,509727ab37f744d8bf765134fc25af7d,3,1,17,1
1345.6973,1108.9716,0.8782359,4.375999927520752,1.7899999618530273,509727ab37f744d8bf765134fc25af7d,3,1,17,2
1345.6973,1108.9716,0.8782359,4.375999927520752,1.7899999618530273,509727ab37f744d8bf765134fc25af7d,3,1,17,3
1345.6973,1108.9716,0.8782359,4.375999927520752,1.7899999618530273,509727ab37f744d8bf765134fc25af7d,3,1,17,4
1340.8497,1103.0428,0.8084227,4.296000003814697,1.7970000505447388,ae48d378199b4bab9e0cccec585d6bcc,4,1,17,0
1340.8497,1103.0428,0.8084227,4.296000003814697,1.7970000505447388,ae48d378199b4bab9e0cccec585d6bcc,4,1,17,1
1340.8497,1103.0428,0.8084227,4.296000003814697,1.7970000505447388,ae48d378199b4bab9e0cccec585d6bcc,4,1,17,2
1340.8497,1103.0428,0.8084227,4.296000003814697,1.7970000505447388,ae48d378199b4bab9e0cccec585d6bcc,4,1,17,3
1340.8497,1103.0428,0.8084227,4.296000003814697,1.7970000505447388,ae48d378199b4bab9e0cccec585d6bcc,4,1,17,4
1351.2197,1096.6188,0.8071008,0.5799999833106995,0.7409999966621399,f0c3762315e14ec8925096ad1f556883,5,2,17,0
1351.2197,1096.6188,0.8071008,0.5799999833106995,0.7409999966621399,f0c3762315e14ec8925096ad1f556883,5,2,17,1
1351.2197,1096.6188,0.8071008,0.5799999833106995,0.7409999966621399,f0c3762315e14ec8925096ad1f556883,5,2,17,2
1351.2197,1096.6188,0.8071008,0.5799999833106995,0.7409999966621399,f0c3762315e14ec8925096ad1f556883,5,2,17,3
1351.2197,1096.6188,0.8071008,0.5799999833106995,0.7409999966621399,f0c3762315e14ec8925096ad1f556883,5,2,17,4
1346.8541,1091.5043,0.8382898,0.7649999856948853,0.5809999704360962,d0cbb2dff7e9414c96a4f56070578857,6,2,17,0
1346.8541,1091.5043,0.8382898,0.7649999856948853,0.5809999704360962,d0cbb2dff7e9414c96a4f56070578857,6,2,17,1
1346.8541,1091.5043,0.8382898,0.7649999856948853,0.5809999704360962,d0cbb2dff7e9414c96a4f56070578857,6,2,17,2
1346.8541,1091.5043,0.8382898,0.7649999856948853,0.5809999704360962,d0cbb2dff7e9414c96a4f56070578857,6,2,17,3
1346.8541,1091.5043,0.8382898,0.7649999856948853,0.5809999704360962,d0cbb2dff7e9414c96a4f56070578857,6,2,17,4
1346.0153,1091.6104,0.8384807,1.0089999437332153,0.7720000147819519,cdc78e63e51144a396dab0973e9f4ec6,7,2,17,0
1346.0153,1091.6104,0.8384807,1.0089999437332153,0.7720000147819519,cdc78e63e51144a396dab0973e9f4ec6,7,2,17,1
1346.0153,1091.6104,0.8384807,1.0089999437332153,0.7720000147819519,cdc78e63e51144a396dab0973e9f4ec6,7,2,17,2
1346.0153,1091.6104,0.8384807,1.0089999437332153,0.7720000147819519,cdc78e63e51144a396dab0973e9f4ec6,7,2,17,3
1346.0153,1091.6104,0.8384807,1.0089999437332153,0.7720000147819519,cdc78e63e51144a396dab0973e9f4ec6,7,2,17,4
1371.5724,1153.2001,0.92900753,4.563000202178955,2.7780001163482666,ba36edc4839149d0b01224733d828f56,8,1,17,0
1371.5724,1153.2001,0.92900753,4.563000202178955,2.7780001163482666,ba36edc4839149d0b01224733d828f56,8,1,17,1
1371.5724,1153.2001,0.92900753,4.563000202178955,2.7780001163482666,ba36edc4839149d0b01224733d828f56,8,1,17,2
1371.5724,1153.2001,0.92900753,4.563000202178955,2.7780001163482666,ba36edc4839149d0b01224733d828f56,8,1,17,3
1371.5724,1153.2001,0.92900753,4.563000202178955,2.7780001163482666,ba36edc4839149d0b01224733d828f56,8,1,17,4
1363.1444,1122.9794,0.79098415,4.084000110626221,1.7300000190734863,ego,0,1,18,0
1363.1444,1122.9794,0.79098415,4.084000110626221,1.7300000190734863,ego,0,1,18,1
1363.1444,1122.9794,0.79098415,4.084000110626221,1.7300000190734863,ego,0,1,18,2
1363.1444,1122.9794,0.79098415,4.084000110626221,1.7300000190734863,ego,0,1,18,3
1363.1444,1122.9794,0.79098415,4.084000110626221,1.7300000190734863,ego,0,1,18,4
1349.5325,1115.0305,1.0694554,4.820000171661377,1.8930000066757202,d3a5b6a955864d8cb608f66d8282dce7,1,1,18,0
1349.5325,1115.0305,1.0694554,4.820000171661377,1.8930000066757202,d3a5b6a955864d8cb608f66d8282dce7,1,1,18,1
1349.5325,1115.0305,1.0694554,4.820000171661377,1.8930000066757202,d3a5b6a955864d8cb608f66d8282dce7,1,1,18,2
1349.5325,1115.0305,1.0694554,4.820000171661377,1.8930000066757202,d3a5b6a955864d8cb608f66d8282dce7,1,1,18,3
1349.5325,1115.0305,1.0694554,4.820000171661377,1.8930000066757202,d3a5b6a955864d8cb608f66d8282dce7,1,1,18,4
1354.363,1112.9565,0.7973062,4.599999904632568,1.9019999504089355,e52661ab623944608f71f0eb021fbc0b,2,1,18,0
1354.363,1112.9565,0.7973062,4.599999904632568,1.9019999504089355,e52661ab623944608f71f0eb021fbc0b,2,1,18,1
1354.363,1112.9565,0.7973062,4.599999904632568,1.9019999504089355,e52661ab623944608f71f0eb021fbc0b,2,1,18,2
1354.363,1112.9565,0.7973062,4.599999904632568,1.9019999504089355,e52661ab623944608f71f0eb021fbc0b,2,1,18,3
1354.363,1112.9565,0.7973062,4.599999904632568,1.9019999504089355,e52661ab623944608f71f0eb021fbc0b,2,1,18,4
1345.6848,1108.9568,0.85949224,4.375999927520752,1.7899999618530273,509727ab37f744d8bf765134fc25af7d,3,1,18,0
1345.6848,1108.9568,0.85949224,4.375999927520752,1.7899999618530273,509727ab37f744d8bf765134fc25af7d,3,1,18,1
1345.6848,1108.9568,0.85949224,4.375999927520752,1.7899999618530273,509727ab37f744d8bf765134fc25af7d,3,1,18,2
1345.6848,1108.9568,0.85949224,4.375999927520752,1.7899999618530273,509727ab37f744d8bf765134fc25af7d,3,1,18,3
1345.6848,1108.9568,0.85949224,4.375999927520752,1.7899999618530273,509727ab37f744d8bf765134fc25af7d,3,1,18,4
1340.8037,1102.9957,0.78967905,4.296000003814697,1.7970000505447388,ae48d378199b4bab9e0cccec585d6bcc,4,1,18,0
1340.8037,1102.9957,0.78967905,4.296000003814697,1.7970000505447388,ae48d378199b4bab9e0cccec585d6bcc,4,1,18,1
1340.8037,1102.9957,0.78967905,4.296000003814697,1.7970000505447388,ae48d378199b4bab9e0cccec585d6bcc,4,1,18,2
1340.8037,1102.9957,0.78967905,4.296000003814697,1.7970000505447388,ae48d378199b4bab9e0cccec585d6bcc,4,1,18,3
1340.8037,1102.9957,0.78967905,4.296000003814697,1.7970000505447388,ae48d378199b4bab9e0cccec585d6bcc,4,1,18,4
1351.5046,1096.9122,0.7933503,0.5799999833106995,0.7409999966621399,f0c3762315e14ec8925096ad1f556883,5,2,18,0
1351.5046,1096.9122,0.7933503,0.5799999833106995,0.7409999966621399,f0c3762315e14ec8925096ad1f556883,5,2,18,1
1351.5046,1096.9122,0.7933503,0.5799999833106995,0.7409999966621399,f0c3762315e14ec8925096ad1f556883,5,2,18,2
1351.5046,1096.9122,0.7933503,0.5799999833106995,0.7409999966621399,f0c3762315e14ec8925096ad1f556883,5,2,18,3
1351.5046,1096.9122,0.7933503,0.5799999833106995,0.7409999966621399,f0c3762315e14ec8925096ad1f556883,5,2,18,4
1347.1146,1091.79,0.8245393,0.7649999856948853,0.5809999704360962,d0cbb2dff7e9414c96a4f56070578857,6,2,18,0
1347.1146,1091.79,0.8245393,0.7649999856948853,0.5809999704360962,d0cbb2dff7e9414c96a4f56070578857,6,2,18,1
1347.1146,1091.79,0.8245393,0.7649999856948853,0.5809999704360962,d0cbb2dff7e9414c96a4f56070578857,6,2,18,2
1347.1146,1091.79,0.8245393,0.7649999856948853,0.5809999704360962,d0cbb2dff7e9414c96a4f56070578857,6,2,18,3
1347.1146,1091.79,0.8245393,0.7649999856948853,0.5809999704360962,d0cbb2dff7e9414c96a4f56070578857,6,2,18,4
1346.2429,1091.8601,0.8247302,1.0089999437332153,0.7720000147819519,cdc78e63e51144a396dab0973e9f4ec6,7,2,18,0
1346.2429,1091.8601,0.8247302,1.0089999437332153,0.7720000147819519,cdc78e63e51144a396dab0973e9f4ec6,7,2,18,1
1346.2429,1091.8601,0.8247302,1.0089999437332153,0.7720000147819519,cdc78e63e51144a396dab0973e9f4ec6,7,2,18,2
1346.2429,1091.8601,0.8247302,1.0089999437332153,0.7720000147819519,cdc78e63e51144a396dab0973e9f4ec6,7,2,18,3
1346.2429,1091.8601,0.8247302,1.0089999437332153,0.7720000147819519,cdc78e63e51144a396dab0973e9f4ec6,7,2,18,4
1371.5643,1153.1895,0.9102639,4.563000202178955,2.7780001163482666,ba36edc4839149d0b01224733d828f56,8,1,18,0
1371.5643,1153.1895,0.9102639,4.563000202178955,2.7780001163482666,ba36edc4839149d0b01224733d828f56,8,1,18,1
1371.5643,1153.1895,0.9102639,4.563000202178955,2.7780001163482666,ba36edc4839149d0b01224733d828f56,8,1,18,2
1371.5643,1153.1895,0.9102639,4.563000202178955,2.7780001163482666,ba36edc4839149d0b01224733d828f56,8,1,18,3
1371.5643,1153.1895,0.9102639,4.563000202178955,2.7780001163482666,ba36edc4839149d0b01224733d828f56,8,1,18,4
1364.4313,1124.2565,0.7722405,4.084000110626221,1.7300000190734863,ego,0,1,19,0
1364.4313,1124.2565,0.7722405,4.084000110626221,1.7300000190734863,ego,0,1,19,1
1364.4313,1124.2565,0.7722405,4.084000110626221,1.7300000190734863,ego,0,1,19,2
1364.4313,1124.2565,0.7722405,4.084000110626221,1.7300000190734863,ego,0,1,19,3
1364.4313,1124.2565,0.7722405,4.084000110626221,1.7300000190734863,ego,0,1,19,4
1349.5161,1115.0015,1.0507118,4.820000171661377,1.8930000066757202,d3a5b6a955864d8cb608f66d8282dce7,1,1,19,0
1349.5161,1115.0015,1.0507118,4.820000171661377,1.8930000066757202,d3a5b6a955864d8cb608f66d8282dce7,1,1,19,1
1349.5161,1115.0015,1.0507118,4.820000171661377,1.8930000066757202,d3a5b6a955864d8cb608f66d8282dce7,1,1,19,2
1349.5161,1115.0015,1.0507118,4.820000171661377,1.8930000066757202,d3a5b6a955864d8cb608f66d8282dce7,1,1,19,3
1349.5161,1115.0015,1.0507118,4.820000171661377,1.8930000066757202,d3a5b6a955864d8cb608f66d8282dce7,1,1,19,4
1355.765,1114.3657,0.77856255,4.599999904632568,1.9019999504089355,e52661ab623944608f71f0eb021fbc0b,2,1,19,0
1355.765,1114.3657,0.77856255,4.599999904632568,1.9019999504089355,e52661ab623944608f71f0eb021fbc0b,2,1,19,1
1355.765,1114.3657,0.77856255,4.599999904632568,1.9019999504089355,e52661ab623944608f71f0eb021fbc0b,2,1,19,2
1355.765,1114.3657,0.77856255,4.599999904632568,1.9019999504089355,e52661ab623944608f71f0eb021fbc0b,2,1,19,3
1355.765,1114.3657,0.77856255,4.599999904632568,1.9019999504089355,e52661ab623944608f71f0eb021fbc0b,2,1,19,4
1345.6703,1108.9402,0.8407486,4.375999927520752,1.7899999618530273,509727ab37f744d8bf765134fc25af7d,3,1,19,0
1345.6703,1108.9402,0.8407486,4.375999927520752,1.7899999618530273,509727ab37f744d8bf765134fc25af7d,3,1,19,1
1345.6703,1108.9402,0.8407486,4.375999927520752,1.7899999618530273,509727ab37f744d8bf765134fc25af7d,3,1,19,2
1345.6703,1108.9402,0.8407486,4.375999927520752,1.7899999618530273,509727ab37f744d8bf765134fc25af7d,3,1,19,3
1345.6703,1108.9402,0.8407486,4.375999927520752,1.7899999618530273,509727ab37f744d8bf765134fc25af7d,3,1,19,4
1340.755,1102.9475,0.7709355,4.296000003814697,1.7970000505447388,ae48d378199b4bab9e0cccec585d6bcc,4,1,19,0
1340.755,1102.9475,0.7709355,4.296000003814697,1.7970000505447388,ae48d378199b4bab9e0cccec585d6bcc,4,1,19,1
1340.755,1102.9475,0.7709355,4.296000003814697,1.7970000505447388,ae48d378199b4bab9e0cccec585d6bcc,4,1,19,2
1340.755,1102.9475,0.7709355,4.296000003814697,1.7970000505447388,ae48d378199b4bab9e0cccec585d6bcc,4,1,19,3
1340.755,1102.9475,0.7709355,4.296000003814697,1.7970000505447388,ae48d378199b4bab9e0cccec585d6bcc,4,1,19,4
1351.7963,1097.2045,0.7795998,0.5799999833106995,0.7409999966621399,f0c3762315e14ec8925096ad1f556883,5,2,19,0
1351.7963,1097.2045,0.7795998,0.5799999833106995,0.7409999966621399,f0c3762315e14ec8925096ad1f556883,5,2,19,1
1351.7963,1097.2045,0.7795998,0.5799999833106995,0.7409999966621399,f0c3762315e14ec8925096ad1f556883,5,2,19,2
1351.7963,1097.2045,0.7795998,0.5799999833106995,0.7409999966621399,f0c3762315e14ec8925096ad1f556883,5,2,19,3
1351.7963,1097.2045,0.7795998,0.5799999833106995,0.7409999966621399,f0c3762315e14ec8925096ad1f556883,5,2,19,4
1347.3818,1092.075,0.8107888,0.7649999856948853,0.5809999704360962,d0cbb2dff7e9414c96a4f56070578857,6,2,19,0
1347.3818,1092.075,0.8107888,0.7649999856948853,0.5809999704360962,d0cbb2dff7e9414c96a4f56070578857,6,2,19,1
1347.3818,1092.075,0.8107888,0.7649999856948853,0.5809999704360962,d0cbb2dff7e9414c96a4f56070578857,6,2,19,2
1347.3818,1092.075,0.8107888,0.7649999856948853,0.5809999704360962,d0cbb2dff7e9414c96a4f56070578857,6,2,19,3
1347.3818,1092.075,0.8107888,0.7649999856948853,0.5809999704360962,d0cbb2dff7e9414c96a4f56070578857,6,2,19,4
1346.4766,1092.1095,0.8109798,1.0089999437332153,0.7720000147819519,cdc78e63e51144a396dab0973e9f4ec6,7,2,19,0
1346.4766,1092.1095,0.8109798,1.0089999437332153,0.7720000147819519,cdc78e63e51144a396dab0973e9f4ec6,7,2,19,1
1346.4766,1092.1095,0.8109798,1.0089999437332153,0.7720000147819519,cdc78e63e51144a396dab0973e9f4ec6,7,2,19,2
1346.4766,1092.1095,0.8109798,1.0089999437332153,0.7720000147819519,cdc78e63e51144a396dab0973e9f4ec6,7,2,19,3
1346.4766,1092.1095,0.8109798,1.0089999437332153,0.7720000147819519,cdc78e63e51144a396dab0973e9f4ec6,7,2,19,4
1371.5543,1153.1769,0.89152026,4.563000202178955,2.7780001163482666,ba36edc4839149d0b01224733d828f56,8,1,19,0
1371.5543,1153.1769,0.89152026,4.563000202178955,2.7780001163482666,ba36edc4839149d0b01224733d828f56,8,1,19,1
1371.5543,1153.1769,0.89152026,4.563000202178955,2.7780001163482666,ba36edc4839149d0b01224733d828f56,8,1,19,2
1371.5543,1153.1769,0.89152026,4.563000202178955,2.7780001163482666,ba36edc4839149d0b01224733d828f56,8,1,19,3
1371.5543,1153.1769,0.89152026,4.563000202178955,2.7780001163482666,ba36edc4839149d0b01224733d828f56,8,1,19,4
1365.7397,1125.5073,0.7534969,4.084000110626221,1.7300000190734863,ego,0,1,20,0
1365.7397,1125.5073,0.7534969,4.084000110626221,1.7300000190734863,ego,0,1,20,1
1365.7397,1125.5073,0.7534969,4.084000110626221,1.7300000190734863,ego,0,1,20,2
1365.7397,1125.5073,0.7534969,4.084000110626221,1.7300000190734863,ego,0,1,20,3
1365.7397,1125.5073,0.7534969,4.084000110626221,1.7300000190734863,ego,0,1,20,4
1349.4979,1114.9703,1.0319681,4.820000171661377,1.8930000066757202,d3a5b6a955864d8cb608f66d8282dce7,1,1,20,0
1349.4979,1114.9703,1.0319681,4.820000171661377,1.8930000066757202,d3a5b6a955864d8cb608f66d8282dce7,1,1,20,1
1349.4979,1114.9703,1.0319681,4.820000171661377,1.8930000066757202,d3a5b6a955864d8cb608f66d8282dce7,1,1,20,2
1349.4979,1114.9703,1.0319681,4.820000171661377,1.8930000066757202,d3a5b6a955864d8cb608f66d8282dce7,1,1,20,3
1349.4979,1114.9703,1.0319681,4.820000171661377,1.8930000066757202,d3a5b6a955864d8cb608f66d8282dce7,1,1,20,4
1357.1913,1115.7465,0.7598189,4.599999904632568,1.9019999504089355,e52661ab623944608f71f0eb021fbc0b,2,1,20,0
1357.1913,1115.7465,0.7598189,4.599999904632568,1.9019999504089355,e52661ab623944608f71f0eb021fbc0b,2,1,20,1
1357.1913,1115.7465,0.7598189,4.599999904632568,1.9019999504089355,e52661ab623944608f71f0eb021fbc0b,2,1,20,2
1357.1913,1115.7465,0.7598189,4.599999904632568,1.9019999504089355,e52661ab623944608f71f0eb021fbc0b,2,1,20,3
1357.1913,1115.7465,0.7598189,4.599999904632568,1.9019999504089355,e52661ab623944608f71f0eb021fbc0b,2,1,20,4
1345.6534,1108.9218,0.822005,4.375999927520752,1.7899999618530273,509727ab37f744d8bf765134fc25af7d,3,1,20,0
1345.6534,1108.9218,0.822005,4.375999927520752,1.7899999618530273,509727ab37f744d8bf765134fc25af7d,3,1,20,1
1345.6534,1108.9218,0.822005,4.375999927520752,1.7899999618530273,509727ab37f744d8bf765134fc25af7d,3,1,20,2
1345.6534,1108.9218,0.822005,4.375999927520752,1.7899999618530273,509727ab37f744d8bf765134fc25af7d,3,1,20,3
1345.6534,1108.9218,0.822005,4.375999927520752,1.7899999618530273,509727ab37f744d8bf765134fc25af7d,3,1,20,4
1340.7034,1102.8982,0.75219184,4.296000003814697,1.7970000505447388,ae48d378199b4bab9e0cccec585d6bcc,4,1,20,0
1340.7034,1102.8982,0.75219184,4.296000003814697,1.7970000505447388,ae48d378199b4bab9e0cccec585d6bcc,4,1,20,1
1340.7034,1102.8982,0.75219184,4.296000003814697,1.7970000505447388,ae48d378199b4bab9e0cccec585d6bcc,4,1,20,2
1340.7034,1102.8982,0.75219184,4.296000003814697,1.7970000505447388,ae48d378199b4bab9e0cccec585d6bcc,4,1,20,3
1340.7034,1102.8982,0.75219184,4.296000003814697,1.7970000505447388,ae48d378199b4bab9e0cccec585d6bcc,4,1,20,4
1352.0946,1097.4954,0.7658493,0.5799999833106995,0.7409999966621399,f0c3762315e14ec8925096ad1f556883,5,2,20,0
1352.0946,1097.4954,0.7658493,0.5799999833106995,0.7409999966621399,f0c3762315e14ec8925096ad1f556883,5,2,20,1
1352.0946,1097.4954,0.7658493,0.5799999833106995,0.7409999966621399,f0c3762315e14ec8925096ad1f556883,5,2,20,2
1352.0946,1097.4954,0.7658493,0.5799999833106995,0.7409999966621399,f0c3762315e14ec8925096ad1f556883,5,2,20,3
1352.0946,1097.4954,0.7658493,0.5799999833106995,0.7409999966621399,f0c3762315e14ec8925096ad1f556883,5,2,20,4
1347.6555,1092.3589,0.7970383,0.7649999856948853,0.5809999704360962,d0cbb2dff7e9414c96a4f56070578857,6,2,20,0
1347.6555,1092.3589,0.7970383,0.7649999856948853,0.5809999704360962,d0cbb2dff7e9414c96a4f56070578857,6,2,20,1
1347.6555,1092.3589,0.7970383,0.7649999856948853,0.5809999704360962,d0cbb2dff7e9414c96a4f56070578857,6,2,20,2
1347.6555,1092.3589,0.7970383,0.7649999856948853,0.5809999704360962,d0cbb2dff7e9414c96a4f56070578857,6,2,20,3
1347.6555,1092.3589,0.7970383,0.7649999856948853,0.5809999704360962,d0cbb2dff7e9414c96a4f56070578857,6,2,20,4
1346.7163,1092.3584,0.7972293,1.0089999437332153,0.7720000147819519,cdc78e63e51144a396dab0973e9f4ec6,7,2,20,0
1346.7163,1092.3584,0.7972293,1.0089999437332153,0.7720000147819519,cdc78e63e51144a396dab0973e9f4ec6,7,2,20,1
1346.7163,1092.3584,0.7972293,1.0089999437332153,0.7720000147819519,cdc78e63e51144a396dab0973e9f4ec6,7,2,20,2
1346.7163,1092.3584,0.7972293,1.0089999437332153,0.7720000147819519,cdc78e63e51144a396dab0973e9f4ec6,7,2,20,3
1346.7163,1092.3584,0.7972293,1.0089999437332153,0.7720000147819519,cdc78e63e51144a396dab0973e9f4ec6,7,2,20,4
1371.5424,1153.1624,0.8727766,4.563000202178955,2.7780001163482666,ba36edc4839149d0b01224733d828f56,8,1,20,0
1371.5424,1153.1624,0.8727766,4.563000202178955,2.7780001163482666,ba36edc4839149d0b01224733d828f56,8,1,20,1
1371.5424,1153.1624,0.8727766,4.563000202178955,2.7780001163482666,ba36edc4839149d0b01224733d828f56,8,1,20,2
1371.5424,1153.1624,0.8727766,4.563000202178955,2.7780001163482666,ba36edc4839149d0b01224733d828f56,8,1,20,3
1371.5424,1153.1624,0.8727766,4.563000202178955,2.7780001163482666,ba36edc4839149d0b01224733d828f56,8,1,20,4
1367.0695,1126.7314,0.73475325,4.084000110626221,1.7300000190734863,ego,0,1,21,0
1367.0695,1126.7314,0.73475325,4.084000110626221,1.7300000190734863,ego,0,1,21,1
1367.0695,1126.7314,0.73475325,4.084000110626221,1.7300000190734863,ego,0,1,21,2
1367.0695,1126.7314,0.73475325,4.084000110626221,1.7300000190734863,ego,0,1,21,3
1367.0695,1126.7314,0.73475325,4.084000110626221,1.7300000190734863,ego,0,1,21,4
1349.4777,1114.9371,1.0132245,4.820000171661377,1.8930000066757202,d3a5b6a955864d8cb608f66d8282dce7,1,1,21,0
1349.4777,1114.9371,1.0132245,4.820000171661377,1.8930000066757202,d3a5b6a955864d8cb608f66d8282dce7,1,1,21,1
1349.4777,1114.9371,1.0132245,4.820000171661377,1.8930000066757202,d3a5b6a955864d8cb608f66d8282dce7,1,1,21,2
1349.4777,1114.9371,1.0132245,4.820000171661377,1.8930000066757202,d3a5b6a955864d8cb608f66d8282dce7,1,1,21,3
1349.4777,1114.9371,1.0132245,4.820000171661377,1.8930000066757202,d3a5b6a955864d8cb608f66d8282dce7,1,1,21,4
1358.6411,1117.0984,0.7410753,4.599999904632568,1.9019999504089355,e52661ab623944608f71f0eb021fbc0b,2,1,21,0
1358.6411,1117.0984,0.7410753,4.599999904632568,1.9019999504089355,e52661ab623944608f71f0eb021fbc0b,2,1,21,1
1358.6411,1117.0984,0.7410753,4.599999904632568,1.9019999504089355,e52661ab623944608f71f0eb021fbc0b,2,1,21,2
1358.6411,1117.0984,0.7410753,4.599999904632568,1.9019999504089355,e52661ab623944608f71f0eb021fbc0b,2,1,21,3
1358.6411,1117.0984,0.7410753,4.599999904632568,1.9019999504089355,e52661ab623944608f71f0eb021fbc0b,2,1,21,4
1345.6345,1108.9017,0.8032614,4.375999927520752,1.7899999618530273,509727ab37f744d8bf765134fc25af7d,3,1,21,0
1345.6345,1108.9017,0.8032614,4.375999927520752,1.7899999618530273,509727ab37f744d8bf765134fc25af7d,3,1,21,1
1345.6345,1108.9017,0.8032614,4.375999927520752,1.7899999618530273,509727ab37f744d8bf765134fc25af7d,3,1,21,2
1345.6345,1108.9017,0.8032614,4.375999927520752,1.7899999618530273,509727ab37f744d8bf765134fc25af7d,3,1,21,3
1345.6345,1108.9017,0.8032614,4.375999927520752,1.7899999618530273,509727ab37f744d8bf765134fc25af7d,3,1,21,4
1340.6488,1102.8481,0.7334482,4.296000003814697,1.7970000505447388,ae48d378199b4bab9e0cccec585d6bcc,4,1,21,0
1340.6488,1102.8481,0.7334482,4.296000003814697,1.7970000505447388,ae48d378199b4bab9e0cccec585d6bcc,4,1,21,1
1340.6488,1102.8481,0.7334482,4.296000003814697,1.7970000505447388,ae48d378199b4bab9e0cccec585d6bcc,4,1,21,2
1340.6488,1102.8481,0.7334482,4.296000003814697,1.7970000505447388,ae48d378199b4bab9e0cccec585d6bcc,4,1,21,3
1340.6488,1102.8481,0.7334482,4.296000003814697,1.7970000505447388,ae48d378199b4bab9e0cccec585d6bcc,4,1,21,4
1352.3997,1097.7848,0.75209886,0.5799999833106995,0.7409999966621399,f0c3762315e14ec8925096ad1f556883,5,2,21,0
1352.3997,1097.7848,0.75209886,0.5799999833106995,0.7409999966621399,f0c3762315e14ec8925096ad1f556883,5,2,21,1
1352.3997,1097.7848,0.75209886,0.5799999833106995,0.7409999966621399,f0c3762315e14ec8925096ad1f556883,5,2,21,2
1352.3997,1097.7848,0.75209886,0.5799999833106995,0.7409999966621399,f0c3762315e14ec8925096ad1f556883,5,2,21,3
1352.3997,1097.7848,0.75209886,0.5799999833106995,0.7409999966621399,f0c3762315e14ec8925096ad1f556883,5,2,21,4
1347.9357,1092.6418,0.7832879,0.7649999856948853,0.5809999704360962,d0cbb2dff7e9414c96a4f56070578857,6,2,21,0
1347.9357,1092.6418,0.7832879,0.7649999856948853,0.5809999704360962,d0cbb2dff7e9414c96a4f56070578857,6,2,21,1
1347.9357,1092.6418,0.7832879,0.7649999856948853,0.5809999704360962,d0cbb2dff7e9414c96a4f56070578857,6,2,21,2
1347.9357,1092.6418,0.7832879,0.7649999856948853,0.5809999704360962,d0cbb2dff7e9414c96a4f56070578857,6,2,21,3
1347.9357,1092.6418,0.7832879,0.7649999856948853,0.5809999704360962,d0cbb2dff7e9414c96a4f56070578857,6,2,21,4
1346.962,1092.6067,0.7834788,1.0089999437332153,0.7720000147819519,cdc78e63e51144a396dab0973e9f4ec6,7,2,21,0
1346.962,1092.6067,0.7834788,1.0089999437332153,0.7720000147819519,cdc78e63e51144a396dab0973e9f4ec6,7,2,21,1
1346.962,1092.6067,0.7834788,1.0089999437332153,0.7720000147819519,cdc78e63e51144a396dab0973e9f4ec6,7,2,21,2
1346.962,1092.6067,0.7834788,1.0089999437332153,0.7720000147819519,cdc78e63e51144a396dab0973e9f4ec6,7,2,21,3
1346.962,1092.6067,0.7834788,1.0089999437332153,0.7720000147819519,cdc78e63e51144a396dab0973e9f4ec6,7,2,21,4
1371.5284,1153.1459,0.854033,4.563000202178955,2.7780001163482666,ba36edc4839149d0b01224733d828f56,8,1,21,0
1371.5284,1153.1459,0.854033,4.563000202178955,2.7780001163482666,ba36edc4839149d0b01224733d828f56,8,1,21,1
1371.5284,1153.1459,0.854033,4.563000202178955,2.7780001163482666,ba36edc4839149d0b01224733d828f56,8,1,21,2
1371.5284,1153.1459,0.854033,4.563000202178955,2.7780001163482666,ba36edc4839149d0b01224733d828f56,8,1,21,3
1371.5284,1153.1459,0.854033,4.563000202178955,2.7780001163482666,ba36edc4839149d0b01224733d828f56,8,1,21,4
1368.4198,1127.9288,0.7160097,4.084000110626221,1.7300000190734863,ego,0,1,22,0
1368.4198,1127.9288,0.7160097,4.084000110626221,1.7300000190734863,ego,0,1,22,1
1368.4198,1127.9288,0.7160097,4.084000110626221,1.7300000190734863,ego,0,1,22,2
1368.4198,1127.9288,0.7160097,4.084000110626221,1.7300000190734863,ego,0,1,22,3
1368.4198,1127.9288,0.7160097,4.084000110626221,1.7300000190734863,ego,0,1,22,4
1349.4553,1114.902,0.99448085,4.820000171661377,1.8930000066757202,d3a5b6a955864d8cb608f66d8282dce7,1,1,22,0
1349.4553,1114.902,0.99448085,4.820000171661377,1.8930000066757202,d3a5b6a955864d8cb608f66d8282dce7,1,1,22,1
1349.4553,1114.902,0.99448085,4.820000171661377,1.8930000066757202,d3a5b6a955864d8cb608f66d8282dce7,1,1,22,2
1349.4553,1114.902,0.99448085,4.820000171661377,1.8930000066757202,d3a5b6a955864d8cb608f66d8282dce7,1,1,22,3
1349.4553,1114.902,0.99448085,4.820000171661377,1.8930000066757202,d3a5b6a955864d8cb608f66d8282dce7,1,1,22,4
1360.114,1118.421,0.72233164,4.599999904632568,1.9019999504089355,e52661ab623944608f71f0eb021fbc0b,2,1,22,0
1360.114,1118.421,0.72233164,4.599999904632568,1.9019999504089355,e52661ab623944608f71f0eb021fbc0b,2,1,22,1
1360.114,1118.421,0.72233164,4.599999904632568,1.9019999504089355,e52661ab623944608f71f0eb021fbc0b,2,1,22,2
1360.114,1118.421,0.72233164,4.599999904632568,1.9019999504089355,e52661ab623944608f71f0eb021fbc0b,2,1,22,3
1360.114,1118.421,0.72233164,4.599999904632568,1.9019999504089355,e52661ab623944608f71f0eb021fbc0b,2,1,22,4
1345.6133,1108.8801,0.78451777,4.375999927520752,1.7899999618530273,509727ab37f744d8bf765134fc25af7d,3,1,22,0
1345.6133,1108.8801,0.78451777,4.375999927520752,1.7899999618530273,509727ab37f744d8bf765134fc25af7d,3,1,22,1
1345.6133,1108.8801,0.78451777,4.375999927520752,1.7899999618530273,509727ab37f744d8bf765134fc25af7d,3,1,22,2
1345.6133,1108.8801,0.78451777,4.375999927520752,1.7899999618530273,509727ab37f744d8bf765134fc25af7d,3,1,22,3
1345.6133,1108.8801,0.78451777,4.375999927520752,1.7899999618530273,509727ab37f744d8bf765134fc25af7d,3,1,22,4
1340.5913,1102.7972,0.7147046,4.296000003814697,1.7970000505447388,ae48d378199b4bab9e0cccec585d6bcc,4,1,22,0
1340.5913,1102.7972,0.7147046,4.296000003814697,1.7970000505447388,ae48d378199b4bab9e0cccec585d6bcc,4,1,22,1
1340.5913,1102.7972,0.7147046,4.296000003814697,1.7970000505447388,ae48d378199b4bab9e0cccec585d6bcc,4,1,22,2
1340.5913,1102.7972,0.7147046,4.296000003814697,1.7970000505447388,ae48d378199b4bab9e0cccec585d6bcc,4,1,22,3
1340.5913,1102.7972,0.7147046,4.296000003814697,1.7970000505447388,ae48d378199b4bab9e0cccec585d6bcc,4,1,22,4
1352.7114,1098.0725,0.73834836,0.5799999833106995,0.7409999966621399,f0c3762315e14ec8925096ad1f556883,5,2,22,0
1352.7114,1098.0725,0.73834836,0.5799999833106995,0.7409999966621399,f0c3762315e14ec8925096ad1f556883,5,2,22,1
1352.7114,1098.0725,0.73834836,0.5799999833106995,0.7409999966621399,f0c3762315e14ec8925096ad1f556883,5,2,22,2
1352.7114,1098.0725,0.73834836,0.5799999833106995,0.7409999966621399,f0c3762315e14ec8925096ad1f556883,5,2,22,3
1352.7114,1098.0725,0.73834836,0.5799999833106995,0.7409999966621399,f0c3762315e14ec8925096ad1f556883,5,2,22,4
1348.2225,1092.9236,0.7695374,0.7649999856948853,0.5809999704360962,d0cbb2dff7e9414c96a4f56070578857,6,2,22,0
1348.2225,1092.9236,0.7695374,0.7649999856948853,0.5809999704360962,d0cbb2dff7e9414c96a4f56070578857,6,2,22,1
1348.2225,1092.9236,0.7695374,0.7649999856948853,0.5809999704360962,d0cbb2dff7e9414c96a4f56070578857,6,2,22,2
1348.2225,1092.9236,0.7695374,0.7649999856948853,0.5809999704360962,d0cbb2dff7e9414c96a4f56070578857,6,2,22,3
1348.2225,1092.9236,0.7695374,0.7649999856948853,0.5809999704360962,d0cbb2dff7e9414c96a4f56070578857,6,2,22,4
1347.214,1092.8541,0.7697283,1.0089999437332153,0.7720000147819519,cdc78e63e51144a396dab0973e9f4ec6,7,2,22,0
1347.214,1092.8541,0.7697283,1.0089999437332153,0.7720000147819519,cdc78e63e51144a396dab0973e9f4ec6,7,2,22,1
1347.214,1092.8541,0.7697283,1.0089999437332153,0.7720000147819519,cdc78e63e51144a396dab0973e9f4ec6,7,2,22,2
1347.214,1092.8541,0.7697283,1.0089999437332153,0.7720000147819519,cdc78e63e51144a396dab0973e9f4ec6,7,2,22,3
1347.214,1092.8541,0.7697283,1.0089999437332153,0.7720000147819519,cdc78e63e51144a396dab0973e9f4ec6,7,2,22,4
1371.5122,1153.1278,0.83528936,4.563000202178955,2.7780001163482666,ba36edc4839149d0b01224733d828f56,8,1,22,0
1371.5122,1153.1278,0.83528936,4.563000202178955,2.7780001163482666,ba36edc4839149d0b01224733d828f56,8,1,22,1
1371.5122,1153.1278,0.83528936,4.563000202178955,2.7780001163482666,ba36edc4839149d0b01224733d828f56,8,1,22,2
1371.5122,1153.1278,0.83528936,4.563000202178955,2.7780001163482666,ba36edc4839149d0b01224733d828f56,8,1,22,3
1371.5122,1153.1278,0.83528936,4.563000202178955,2.7780001163482666,ba36edc4839149d0b01224733d828f56,8,1,22,4
1369.7903,1129.0988,0.69726604,4.084000110626221,1.7300000190734863,ego,0,1,23,0
1369.7903,1129.0988,0.69726604,4.084000110626221,1.7300000190734863,ego,0,1,23,1
1369.7903,1129.0988,0.69726604,4.084000110626221,1.7300000190734863,ego,0,1,23,2
1369.7903,1129.0988,0.69726604,4.084000110626221,1.7300000190734863,ego,0,1,23,3
1369.7903,1129.0988,0.69726604,4.084000110626221,1.7300000190734863,ego,0,1,23,4
1349.4308,1114.8651,0.9757372,4.820000171661377,1.8930000066757202,d3a5b6a955864d8cb608f66d8282dce7,1,1,23,0
1349.4308,1114.8651,0.9757372,4.820000171661377,1.8930000066757202,d3a5b6a955864d8cb608f66d8282dce7,1,1,23,1
1349.4308,1114.8651,0.9757372,4.820000171661377,1.8930000066757202,d3a5b6a955864d8cb608f66d8282dce7,1,1,23,2
1349.4308,1114.8651,0.9757372,4.820000171661377,1.8930000066757202,d3a5b6a955864d8cb608f66d8282dce7,1,1,23,3
1349.4308,1114.8651,0.9757372,4.820000171661377,1.8930000066757202,d3a5b6a955864d8cb608f66d8282dce7,1,1,23,4
1361.6094,1119.714,0.70358807,4.599999904632568,1.9019999504089355,e52661ab623944608f71f0eb021fbc0b,2,1,23,0
1361.6094,1119.714,0.70358807,4.599999904632568,1.9019999504089355,e52661ab623944608f71f0eb021fbc0b,2,1,23,1
1361.6094,1119.714,0.70358807,4.599999904632568,1.9019999504089355,e52661ab623944608f71f0eb021fbc0b,2,1,23,2
1361.6094,1119.714,0.70358807,4.599999904632568,1.9019999504089355,e52661ab623944608f71f0eb021fbc0b,2,1,23,3
1361.6094,1119.714,0.70358807,4.599999904632568,1.9019999504089355,e52661ab623944608f71f0eb021fbc0b,2,1,23,4
1345.5896,1108.8569,0.76577413,4.375999927520752,1.7899999618530273,509727ab37f744d8bf765134fc25af7d,3,1,23,0
1345.5896,1108.8569,0.76577413,4.375999927520752,1.7899999618530273,509727ab37f744d8bf765134fc25af7d,3,1,23,1
1345.5896,1108.8569,0.76577413,4.375999927520752,1.7899999618530273,509727ab37f744d8bf765134fc25af7d,3,1,23,2
1345.5896,1108.8569,0.76577413,4.375999927520752,1.7899999618530273,509727ab37f744d8bf765134fc25af7d,3,1,23,3
1345.5896,1108.8569,0.76577413,4.375999927520752,1.7899999618530273,509727ab37f744d8bf765134fc25af7d,3,1,23,4
1340.5306,1102.7456,0.695961,4.296000003814697,1.7970000505447388,ae48d378199b4bab9e0cccec585d6bcc,4,1,23,0
1340.5306,1102.7456,0.695961,4.296000003814697,1.7970000505447388,ae48d378199b4bab9e0cccec585d6bcc,4,1,23,1
1340.5306,1102.7456,0.695961,4.296000003814697,1.7970000505447388,ae48d378199b4bab9e0cccec585d6bcc,4,1,23,2
1340.5306,1102.7456,0.695961,4.296000003814697,1.7970000505447388,ae48d378199b4bab9e0cccec585d6bcc,4,1,23,3
1340.5306,1102.7456,0.695961,4.296000003814697,1.7970000505447388,ae48d378199b4bab9e0cccec585d6bcc,4,1,23,4
1353.03,1098.3584,0.7245979,0.5799999833106995,0.7409999966621399,f0c3762315e14ec8925096ad1f556883,5,2,23,0
1353.03,1098.3584,0.7245979,0.5799999833106995,0.7409999966621399,f0c3762315e14ec8925096ad1f556883,5,2,23,1
1353.03,1098.3584,0.7245979,0.5799999833106995,0.7409999966621399,f0c3762315e14ec8925096ad1f556883,5,2,23,2
1353.03,1098.3584,0.7245979,0.5799999833106995,0.7409999966621399,f0c3762315e14ec8925096ad1f556883,5,2,23,3
1353.03,1098.3584,0.7245979,0.5799999833106995,0.7409999966621399,f0c3762315e14ec8925096ad1f556883,5,2,23,4
1348.516,1093.204,0.7557869,0.7649999856948853,0.5809999704360962,d0cbb2dff7e9414c96a4f56070578857,6,2,23,0
1348.516,1093.204,0.7557869,0.7649999856948853,0.5809999704360962,d0cbb2dff7e9414c96a4f56070578857,6,2,23,1
1348.516,1093.204,0.7557869,0.7649999856948853,0.5809999704360962,d0cbb2dff7e9414c96a4f56070578857,6,2,23,2
1348.516,1093.204,0.7557869,0.7649999856948853,0.5809999704360962,d0cbb2dff7e9414c96a4f56070578857,6,2,23,3
1348.516,1093.204,0.7557869,0.7649999856948853,0.5809999704360962,d0cbb2dff7e9414c96a4f56070578857,6,2,23,4
1347.4722,1093.1008,0.75597787,1.0089999437332153,0.7720000147819519,cdc78e63e51144a396dab0973e9f4ec6,7,2,23,0
1347.4722,1093.1008,0.75597787,1.0089999437332153,0.7720000147819519,cdc78e63e51144a396dab0973e9f4ec6,7,2,23,1
1347.4722,1093.1008,0.75597787,1.0089999437332153,0.7720000147819519,cdc78e63e51144a396dab0973e9f4ec6,7,2,23,2
1347.4722,1093.1008,0.75597787,1.0089999437332153,0.7720000147819519,cdc78e63e51144a396dab0973e9f4ec6,7,2,23,3
1347.4722,1093.1008,0.75597787,1.0089999437332153,0.7720000147819519,cdc78e63e51144a396dab0973e9f4ec6,7,2,23,4
1371.4939,1153.1079,0.8165458,4.563000202178955,2.7780001163482666,ba36edc4839149d0b01224733d828f56,8,1,23,0
1371.4939,1153.1079,0.8165458,4.563000202178955,2.7780001163482666,ba36edc4839149d0b01224733d828f56,8,1,23,1
1371.4939,1153.1079,0.8165458,4.563000202178955,2.7780001163482666,ba36edc4839149d0b01224733d828f56,8,1,23,2
1371.4939,1153.1079,0.8165458,4.563000202178955,2.7780001163482666,ba36edc4839149d0b01224733d828f56,8,1,23,3
1371.4939,1153.1079,0.8165458,4.563000202178955,2.7780001163482666,ba36edc4839149d0b01224733d828f56,8,1,23,4
1371.1803,1130.2411,0.6785224,4.084000110626221,1.7300000190734863,ego,0,1,24,0
1371.1803,1130.2411,0.6785224,4.084000110626221,1.7300000190734863,ego,0,1,24,1
1371.1803,1130.2411,0.6785224,4.084000110626221,1.7300000190734863,ego,0,1,24,2
1371.1803,1130.2411,0.6785224,4.084000110626221,1.7300000190734863,ego,0,1,24,3
1371.1803,1130.2411,0.6785224,4.084000110626221,1.7300000190734863,ego,0,1,24,4
1349.404,1114.8263,0.95699364,4.820000171661377,1.8930000066757202,d3a5b6a955864d8cb608f66d8282dce7,1,1,24,0
1349.404,1114.8263,0.95699364,4.820000171661377,1.8930000066757202,d3a5b6a955864d8cb608f66d8282dce7,1,1,24,1
1349.404,1114.8263,0.95699364,4.820000171661377,1.8930000066757202,d3a5b6a955864d8cb608f66d8282dce7,1,1,24,2
1349.404,1114.8263,0.95699364,4.820000171661377,1.8930000066757202,d3a5b6a955864d8cb608f66d8282dce7,1,1,24,3
1349.404,1114.8263,0.95699364,4.820000171661377,1.8930000066757202,d3a5b6a955864d8cb608f66d8282dce7,1,1,24,4
1363.1266,1120.977,0.68484443,4.599999904632568,1.9019999504089355,e52661ab623944608f71f0eb021fbc0b,2,1,24,0
1363.1266,1120.977,0.68484443,4.599999904632568,1.9019999504089355,e52661ab623944608f71f0eb021fbc0b,2,1,24,1
1363.1266,1120.977,0.68484443,4.599999904632568,1.9019999504089355,e52661ab623944608f71f0eb021fbc0b,2,1,24,2
1363.1266,1120.977,0.68484443,4.599999904632568,1.9019999504089355,e52661ab623944608f71f0eb021fbc0b,2,1,24,3
1363.1266,1120.977,0.68484443,4.599999904632568,1.9019999504089355,e52661ab623944608f71f0eb021fbc0b,2,1,24,4
1345.5636,1108.8324,0.7470305,4.375999927520752,1.7899999618530273,509727ab37f744d8bf765134fc25af7d,3,1,24,0
1345.5636,1108.8324,0.7470305,4.375999927520752,1.7899999618530273,509727ab37f744d8bf765134fc25af7d,3,1,24,1
1345.5636,1108.8324,0.7470305,4.375999927520752,1.7899999618530273,509727ab37f744d8bf765134fc25af7d,3,1,24,2
1345.5636,1108.8324,0.7470305,4.375999927520752,1.7899999618530273,509727ab37f744d8bf765134fc25af7d,3,1,24,3
1345.5636,1108.8324,0.7470305,4.375999927520752,1.7899999618530273,509727ab37f744d8bf765134fc25af7d,3,1,24,4
1340.467,1102.6935,0.67721736,4.296000003814697,1.7970000505447388,ae48d378199b4bab9e0cccec585d6bcc,4,1,24,0
1340.467,1102.6935,0.67721736,4.296000003814697,1.7970000505447388,ae48d378199b4bab9e0cccec585d6bcc,4,1,24,1
1340.467,1102.6935,0.67721736,4.296000003814697,1.7970000505447388,ae48d378199b4bab9e0cccec585d6bcc,4,1,24,2
1340.467,1102.6935,0.67721736,4.296000003814697,1.7970000505447388,ae48d378199b4bab9e0cccec585d6bcc,4,1,24,3
1340.467,1102.6935,0.67721736,4.296000003814697,1.7970000505447388,ae48d378199b4bab9e0cccec585d6bcc,4,1,24,4
1353.3555,1098.6426,0.7108474,0.5799999833106995,0.7409999966621399,f0c3762315e14ec8925096ad1f556883,5,2,24,0
1353.3555,1098.6426,0.7108474,0.5799999833106995,0.7409999966621399,f0c3762315e14ec8925096ad1f556883,5,2,24,1
1353.3555,1098.6426,0.7108474,0.5799999833106995,0.7409999966621399,f0c3762315e14ec8925096ad1f556883,5,2,24,2
1353.3555,1098.6426,0.7108474,0.5799999833106995,0.7409999966621399,f0c3762315e14ec8925096ad1f556883,5,2,24,3
1353.3555,1098.6426,0.7108474,0.5799999833106995,0.7409999966621399,f0c3762315e14ec8925096ad1f556883,5,2,24,4
1348.816,1093.4829,0.74203646,0.7649999856948853,0.5809999704360962,d0cbb2dff7e9414c96a4f56070578857,6,2,24,0
1348.816,1093.4829,0.74203646,0.7649999856948853,0.5809999704360962,d0cbb2dff7e9414c96a4f56070578857,6,2,24,1
1348.816,1093.4829,0.74203646,0.7649999856948853,0.5809999704360962,d0cbb2dff7e9414c96a4f56070578857,6,2,24,2
1348.816,1093.4829,0.74203646,0.7649999856948853,0.5809999704360962,d0cbb2dff7e9414c96a4f56070578857,6,2,24,3
1348.816,1093.4829,0.74203646,0.7649999856948853,0.5809999704360962,d0cbb2dff7e9414c96a4f56070578857,6,2,24,4
1347.7363,1093.3467,0.7422274,1.0089999437332153,0.7720000147819519,cdc78e63e51144a396dab0973e9f4ec6,7,2,24,0
1347.7363,1093.3467,0.7422274,1.0089999437332153,0.7720000147819519,cdc78e63e51144a396dab0973e9f4ec6,7,2,24,1
1347.7363,1093.3467,0.7422274,1.0089999437332153,0.7720000147819519,cdc78e63e51144a396dab0973e9f4ec6,7,2,24,2
1347.7363,1093.3467,0.7422274,1.0089999437332153,0.7720000147819519,cdc78e63e51144a396dab0973e9f4ec6,7,2,24,3
1347.7363,1093.3467,0.7422274,1.0089999437332153,0.7720000147819519,cdc78e63e51144a396dab0973e9f4ec6,7,2,24,4
1371.4733,1153.0863,0.79780215,4.563000202178955,2.7780001163482666,ba36edc4839149d0b01224733d828f56,8,1,24,0
1371.4733,1153.0863,0.79780215,4.563000202178955,2.7780001163482666,ba36edc4839149d0b01224733d828f56,8,1,24,1
1371.4733,1153.0863,0.79780215,4.563000202178955,2.7780001163482666,ba36edc4839149d0b01224733d828f56,8,1,24,2
1371.4733,1153.0863,0.79780215,4.563000202178955,2.7780001163482666,ba36edc4839149d0b01224733d828f56,8,1,24,3
1371.4733,1153.0863,0.79780215,4.563000202178955,2.7780001163482666,ba36edc4839149d0b01224733d828f56,8,1,24,4
1372.5894,1131.3555,0.65977883,4.084000110626221,1.7300000190734863,ego,0,1,25,0
1372.5894,1131.3555,0.65977883,4.084000110626221,1.7300000190734863,ego,0,1,25,1
1372.5894,1131.3555,0.65977883,4.084000110626221,1.7300000190734863,ego,0,1,25,2
1372.5894,1131.3555,0.65977883,4.084000110626221,1.7300000190734863,ego,0,1,25,3
1372.5894,1131.3555,0.65977883,4.084000110626221,1.7300000190734863,ego,0,1,25,4
1349.3749,1114.7859,0.93825,4.820000171661377,1.8930000066757202,d3a5b6a955864d8cb608f66d8282dce7,1,1,25,0
1349.3749,1114.7859,0.93825,4.820000171661377,1.8930000066757202,d3a5b6a955864d8cb608f66d8282dce7,1,1,25,1
1349.3749,1114.7859,0.93825,4.820000171661377,1.8930000066757202,d3a5b6a955864d8cb608f66d8282dce7,1,1,25,2
1349.3749,1114.7859,0.93825,4.820000171661377,1.8930000066757202,d3a5b6a955864d8cb608f66d8282dce7,1,1,25,3
1349.3749,1114.7859,0.93825,4.820000171661377,1.8930000066757202,d3a5b6a955864d8cb608f66d8282dce7,1,1,25,4
1364.665,1122.2096,0.6661008,4.599999904632568,1.9019999504089355,e52661ab623944608f71f0eb021fbc0b,2,1,25,0
1364.665,1122.2096,0.6661008,4.599999904632568,1.9019999504089355,e52661ab623944608f71f0eb021fbc0b,2,1,25,1
1364.665,1122.2096,0.6661008,4.599999904632568,1.9019999504089355,e52661ab623944608f71f0eb021fbc0b,2,1,25,2
1364.665,1122.2096,0.6661008,4.599999904632568,1.9019999504089355,e52661ab623944608f71f0eb021fbc0b,2,1,25,3
1364.665,1122.2096,0.6661008,4.599999904632568,1.9019999504089355,e52661ab623944608f71f0eb021fbc0b,2,1,25,4
1345.535,1108.8064,0.72828686,4.375999927520752,1.7899999618530273,509727ab37f744d8bf765134fc25af7d,3,1,25,0
1345.535,1108.8064,0.72828686,4.375999927520752,1.7899999618530273,509727ab37f744d8bf765134fc25af7d,3,1,25,1
1345.535,1108.8064,0.72828686,4.375999927520752,1.7899999618530273,509727ab37f744d8bf765134fc25af7d,3,1,25,2
1345.535,1108.8064,0.72828686,4.375999927520752,1.7899999618530273,509727ab37f744d8bf765134fc25af7d,3,1,25,3
1345.535,1108.8064,0.72828686,4.375999927520752,1.7899999618530273,509727ab37f744d8bf765134fc25af7d,3,1,25,4
1353.6876,1098.9246,0.69709694,0.5799999833106995,0.7409999966621399,f0c3762315e14ec8925096ad1f556883,5,2,25,0
1353.6876,1098.9246,0.69709694,0.5799999833106995,0.7409999966621399,f0c3762315e14ec8925096ad1f556883,5,2,25,1
1353.6876,1098.9246,0.69709694,0.5799999833106995,0.7409999966621399,f0c3762315e14ec8925096ad1f556883,5,2,25,2
1353.6876,1098.9246,0.69709694,0.5799999833106995,0.7409999966621399,f0c3762315e14ec8925096ad1f556883,5,2,25,3
1353.6876,1098.9246,0.69709694,0.5799999833106995,0.7409999966621399,f0c3762315e14ec8925096ad1f556883,5,2,25,4
1349.1228,1093.7603,0.72828597,0.7649999856948853,0.5809999704360962,d0cbb2dff7e9414c96a4f56070578857,6,2,25,0
1349.1228,1093.7603,0.72828597,0.7649999856948853,0.5809999704360962,d0cbb2dff7e9414c96a4f56070578857,6,2,25,1
1349.1228,1093.7603,0.72828597,0.7649999856948853,0.5809999704360962,d0cbb2dff7e9414c96a4f56070578857,6,2,25,2
1349.1228,1093.7603,0.72828597,0.7649999856948853,0.5809999704360962,d0cbb2dff7e9414c96a4f56070578857,6,2,25,3
1349.1228,1093.7603,0.72828597,0.7649999856948853,0.5809999704360962,d0cbb2dff7e9414c96a4f56070578857,6,2,25,4
1348.0068,1093.5913,0.7284769,1.0089999437332153,0.7720000147819519,cdc78e63e51144a396dab0973e9f4ec6,7,2,25,0
1348.0068,1093.5913,0.7284769,1.0089999437332153,0.7720000147819519,cdc78e63e51144a396dab0973e9f4ec6,7,2,25,1
1348.0068,1093.5913,0.7284769,1.0089999437332153,0.7720000147819519,cdc78e63e51144a396dab0973e9f4ec6,7,2,25,2
1348.0068,1093.5913,0.7284769,1.0089999437332153,0.7720000147819519,cdc78e63e51144a396dab0973e9f4ec6,7,2,25,3
1348.0068,1093.5913,0.7284769,1.0089999437332153,0.7720000147819519,cdc78e63e51144a396dab0973e9f4ec6,7,2,25,4
1371.4504,1153.0632,0.7790585,4.563000202178955,2.7780001163482666,ba36edc4839149d0b01224733d828f56,8,1,25,0
1371.4504,1153.0632,0.7790585,4.563000202178955,2.7780001163482666,ba36edc4839149d0b01224733d828f56,8,1,25,1
1371.4504,1153.0632,0.7790585,4.563000202178955,2.7780001163482666,ba36edc4839149d0b01224733d828f56,8,1,25,2
1371.4504,1153.0632,0.7790585,4.563000202178955,2.7780001163482666,ba36edc4839149d0b01224733d828f56,8,1,25,3
1371.4504,1153.0632,0.7790585,4.563000202178955,2.7780001163482666,ba36edc4839149d0b01224733d828f56,8,1,25,4
1374.017,1132.4417,0.6410352,4.084000110626221,1.7300000190734863,ego,0,1,26,0
1374.017,1132.4417,0.6410352,4.084000110626221,1.7300000190734863,ego,0,1,26,1
1374.017,1132.4417,0.6410352,4.084000110626221,1.7300000190734863,ego,0,1,26,2
1374.017,1132.4417,0.6410352,4.084000110626221,1.7300000190734863,ego,0,1,26,3
1374.017,1132.4417,0.6410352,4.084000110626221,1.7300000190734863,ego,0,1,26,4
1349.3435,1114.7438,0.9195064,4.820000171661377,1.8930000066757202,d3a5b6a955864d8cb608f66d8282dce7,1,1,26,0
1349.3435,1114.7438,0.9195064,4.820000171661377,1.8930000066757202,d3a5b6a955864d8cb608f66d8282dce7,1,1,26,1
1349.3435,1114.7438,0.9195064,4.820000171661377,1.8930000066757202,d3a5b6a955864d8cb608f66d8282dce7,1,1,26,2
1349.3435,1114.7438,0.9195064,4.820000171661377,1.8930000066757202,d3a5b6a955864d8cb608f66d8282dce7,1,1,26,3
1349.3435,1114.7438,0.9195064,4.820000171661377,1.8930000066757202,d3a5b6a955864d8cb608f66d8282dce7,1,1,26,4
1366.2241,1123.4115,0.6473572,4.599999904632568,1.9019999504089355,e52661ab623944608f71f0eb021fbc0b,2,1,26,0
1366.2241,1123.4115,0.6473572,4.599999904632568,1.9019999504089355,e52661ab623944608f71f0eb021fbc0b,2,1,26,1
1366.2241,1123.4115,0.6473572,4.599999904632568,1.9019999504089355,e52661ab623944608f71f0eb021fbc0b,2,1,26,2
1366.2241,1123.4115,0.6473572,4.599999904632568,1.9019999504089355,e52661ab623944608f71f0eb021fbc0b,2,1,26,3
1366.2241,1123.4115,0.6473572,4.599999904632568,1.9019999504089355,e52661ab623944608f71f0eb021fbc0b,2,1,26,4
1345.5039,1108.7793,0.7095433,4.375999927520752,1.7899999618530273,509727ab37f744d8bf765134fc25af7d,3,1,26,0
1345.5039,1108.7793,0.7095433,4.375999927520752,1.7899999618530273,509727ab37f744d8bf765134fc25af7d,3,1,26,1
1345.5039,1108.7793,0.7095433,4.375999927520752,1.7899999618530273,509727ab37f744d8bf765134fc25af7d,3,1,26,2
1345.5039,1108.7793,0.7095433,4.375999927520752,1.7899999618530273,509727ab37f744d8bf765134fc25af7d,3,1,26,3
1345.5039,1108.7793,0.7095433,4.375999927520752,1.7899999618530273,509727ab37f744d8bf765134fc25af7d,3,1,26,4
1354.0266,1099.2045,0.68334645,0.5799999833106995,0.7409999966621399,f0c3762315e14ec8925096ad1f556883,5,2,26,0
1354.0266,1099.2045,0.68334645,0.5799999833106995,0.7409999966621399,f0c3762315e14ec8925096ad1f556883,5,2,26,1
1354.0266,1099.2045,0.68334645,0.5799999833106995,0.7409999966621399,f0c3762315e14ec8925096ad1f556883,5,2,26,2
1354.0266,1099.2045,0.68334645,0.5799999833106995,0.7409999966621399,f0c3762315e14ec8925096ad1f556883,5,2,26,3
1354.0266,1099.2045,0.68334645,0.5799999833106995,0.7409999966621399,f0c3762315e14ec8925096ad1f556883,5,2,26,4
1349.4362,1094.0359,0.7145355,0.7649999856948853,0.5809999704360962,d0cbb2dff7e9414c96a4f56070578857,6,2,26,0
1349.4362,1094.0359,0.7145355,0.7649999856948853,0.5809999704360962,d0cbb2dff7e9414c96a4f56070578857,6,2,26,1
1349.4362,1094.0359,0.7145355,0.7649999856948853,0.5809999704360962,d0cbb2dff7e9414c96a4f56070578857,6,2,26,2
1349.4362,1094.0359,0.7145355,0.7649999856948853,0.5809999704360962,d0cbb2dff7e9414c96a4f56070578857,6,2,26,3
1349.4362,1094.0359,0.7145355,0.7649999856948853,0.5809999704360962,d0cbb2dff7e9414c96a4f56070578857,6,2,26,4
1348.2834,1093.8347,0.7147264,1.0089999437332153,0.7720000147819519,cdc78e63e51144a396dab0973e9f4ec6,7,2,26,0
1348.2834,1093.8347,0.7147264,1.0089999437332153,0.7720000147819519,cdc78e63e51144a396dab0973e9f4ec6,7,2,26,1
1348.2834,1093.8347,0.7147264,1.0089999437332153,0.7720000147819519,cdc78e63e51144a396dab0973e9f4ec6,7,2,26,2
1348.2834,1093.8347,0.7147264,1.0089999437332153,0.7720000147819519,cdc78e63e51144a396dab0973e9f4ec6,7,2,26,3
1348.2834,1093.8347,0.7147264,1.0089999437332153,0.7720000147819519,cdc78e63e51144a396dab0973e9f4ec6,7,2,26,4
1371.425,1153.0387,0.7603149,4.563000202178955,2.7780001163482666,ba36edc4839149d0b01224733d828f56,8,1,26,0
1371.425,1153.0387,0.7603149,4.563000202178955,2.7780001163482666,ba36edc4839149d0b01224733d828f56,8,1,26,1
1371.425,1153.0387,0.7603149,4.563000202178955,2.7780001163482666,ba36edc4839149d0b01224733d828f56,8,1,26,2
1371.425,1153.0387,0.7603149,4.563000202178955,2.7780001163482666,ba36edc4839149d0b01224733d828f56,8,1,26,3
1371.425,1153.0387,0.7603149,4.563000202178955,2.7780001163482666,ba36edc4839149d0b01224733d828f56,8,1,26,4
